Date,Open,High,Low,Close,Volume
3-Oct-17,-,-,-,0.74,-
2-Oct-17,-,-,-,0.74,-
1-Oct-17,-,-,-,0.74,-
30-Sep-17,-,-,-,0.73,-
29-Sep-17,-,-,-,0.71,-
28-Sep-17,-,-,-,0.71,-
27-Sep-17,-,-,-,0.70,-
26-Sep-17,-,-,-,0.71,-
25-Sep-17,-,-,-,0.71,-
24-Sep-17,-,-,-,0.71,-
23-Sep-17,-,-,-,0.72,-
22-Sep-17,-,-,-,0.73,-
21-Sep-17,-,-,-,0.75,-
20-Sep-17,-,-,-,0.76,-
19-Sep-17,-,-,-,0.76,-
18-Sep-17,-,-,-,0.76,-
17-Sep-17,-,-,-,0.76,-
16-Sep-17,-,-,-,0.75,-
15-Sep-17,-,-,-,0.74,-
14-Sep-17,-,-,-,0.72,-
13-Sep-17,-,-,-,0.71,-
12-Sep-17,-,-,-,0.70,-
11-Sep-17,-,-,-,0.71,-
10-Sep-17,-,-,-,0.69,-
9-Sep-17,-,-,-,0.70,-
8-Sep-17,-,-,-,0.71,-
7-Sep-17,-,-,-,0.73,-
6-Sep-17,-,-,-,0.74,-
5-Sep-17,-,-,-,0.74,-
4-Sep-17,-,-,-,0.74,-
3-Sep-17,-,-,-,0.76,-
2-Sep-17,-,-,-,0.75,-
1-Sep-17,-,-,-,0.74,-
31-Aug-17,-,-,-,0.72,-
30-Aug-17,-,-,-,0.71,-
29-Aug-17,-,-,-,0.71,-
28-Aug-17,-,-,-,0.71,-
27-Aug-17,-,-,-,0.70,-
26-Aug-17,-,-,-,0.70,-
25-Aug-17,-,-,-,0.71,-
24-Aug-17,-,-,-,0.72,-
23-Aug-17,-,-,-,0.72,-
22-Aug-17,-,-,-,0.72,-
21-Aug-17,-,-,-,0.74,-
20-Aug-17,-,-,-,0.76,-
19-Aug-17,-,-,-,0.76,-
18-Aug-17,-,-,-,0.77,-
17-Aug-17,-,-,-,0.77,-
16-Aug-17,-,-,-,0.78,-
15-Aug-17,-,-,-,0.78,-
14-Aug-17,-,-,-,0.77,-
13-Aug-17,-,-,-,0.77,-
12-Aug-17,-,-,-,0.78,-
11-Aug-17,-,-,-,0.78,-
10-Aug-17,-,-,-,0.78,-
9-Aug-17,-,-,-,0.79,-
8-Aug-17,-,-,-,0.80,-
7-Aug-17,-,-,-,0.81,-
6-Aug-17,-,-,-,0.82,-
5-Aug-17,-,-,-,0.82,-
4-Aug-17,-,-,-,0.82,-
3-Aug-17,-,-,-,0.82,-
2-Aug-17,-,-,-,0.81,-
1-Aug-17,-,-,-,0.81,-
31-Jul-17,-,-,-,0.79,-
30-Jul-17,-,-,-,0.78,-
29-Jul-17,-,-,-,0.77,-
28-Jul-17,-,-,-,0.77,-
27-Jul-17,-,-,-,0.76,-
26-Jul-17,-,-,-,0.76,-
25-Jul-17,-,-,-,0.76,-
24-Jul-17,-,-,-,0.76,-
23-Jul-17,-,-,-,0.76,-
22-Jul-17,-,-,-,0.77,-
21-Jul-17,-,-,-,0.78,-
20-Jul-17,-,-,-,0.80,-
19-Jul-17,-,-,-,0.80,-
18-Jul-17,-,-,-,0.81,-
17-Jul-17,-,-,-,0.82,-
16-Jul-17,-,-,-,0.83,-
15-Jul-17,-,-,-,0.84,-
14-Jul-17,-,-,-,0.83,-
13-Jul-17,-,-,-,0.83,-
12-Jul-17,-,-,-,0.84,-
11-Jul-17,-,-,-,0.84,-
10-Jul-17,-,-,-,0.79,-
9-Jul-17,-,-,-,0.78,-
8-Jul-17,-,-,-,0.78,-
7-Jul-17,-,-,-,0.79,-
6-Jul-17,-,-,-,0.79,-
5-Jul-17,-,-,-,0.78,-
4-Jul-17,-,-,-,0.78,-
3-Jul-17,-,-,-,0.81,-
2-Jul-17,-,-,-,0.81,-
1-Jul-17,-,-,-,0.81,-
30-Jun-17,-,-,-,0.80,-
29-Jun-17,-,-,-,0.78,-
28-Jun-17,-,-,-,0.77,-
27-Jun-17,-,-,-,0.77,-
26-Jun-17,-,-,-,0.76,-
25-Jun-17,-,-,-,0.76,-
24-Jun-17,-,-,-,0.76,-
23-Jun-17,-,-,-,0.75,-
22-Jun-17,-,-,-,0.77,-
21-Jun-17,-,-,-,0.79,-
20-Jun-17,-,-,-,0.80,-
19-Jun-17,-,-,-,0.79,-
18-Jun-17,-,-,-,0.79,-
17-Jun-17,-,-,-,0.80,-
16-Jun-17,-,-,-,0.80,-
15-Jun-17,-,-,-,0.79,-
14-Jun-17,-,-,-,0.77,-
13-Jun-17,-,-,-,0.76,-
12-Jun-17,-,-,-,0.77,-
11-Jun-17,-,-,-,0.78,-
10-Jun-17,-,-,-,0.78,-
9-Jun-17,-,-,-,0.79,-
8-Jun-17,-,-,-,0.80,-
7-Jun-17,-,-,-,0.82,-
6-Jun-17,-,-,-,0.83,-
5-Jun-17,-,-,-,0.83,-
4-Jun-17,-,-,-,0.79,-
3-Jun-17,-,-,-,0.78,-
2-Jun-17,-,-,-,0.77,-
1-Jun-17,-,-,-,0.77,-
31-May-17,-,-,-,0.76,-
30-May-17,-,-,-,0.74,-
29-May-17,-,-,-,0.73,-
28-May-17,-,-,-,0.76,-
27-May-17,-,-,-,0.77,-
26-May-17,-,-,-,0.78,-
25-May-17,-,-,-,0.77,-
24-May-17,-,-,-,0.77,-
23-May-17,-,-,-,0.77,-
22-May-17,-,-,-,0.79,-
21-May-17,-,-,-,0.80,-
20-May-17,-,-,-,0.80,-
19-May-17,-,-,-,0.80,-
18-May-17,-,-,-,0.80,-
17-May-17,-,-,-,0.80,-
16-May-17,-,-,-,0.80,-
15-May-17,-,-,-,0.78,-
14-May-17,-,-,-,0.77,-
13-May-17,-,-,-,0.77,-
12-May-17,-,-,-,0.77,-
11-May-17,-,-,-,0.77,-
10-May-17,-,-,-,0.77,-
9-May-17,-,-,-,0.78,-
8-May-17,-,-,-,0.78,-
7-May-17,-,-,-,0.79,-
6-May-17,-,-,-,0.80,-
5-May-17,-,-,-,0.79,-
4-May-17,-,-,-,0.79,-
3-May-17,-,-,-,0.79,-
2-May-17,-,-,-,0.78,-
1-May-17,-,-,-,0.77,-
30-Apr-17,-,-,-,0.76,-
29-Apr-17,-,-,-,0.75,-
28-Apr-17,-,-,-,0.74,-
27-Apr-17,-,-,-,0.74,-
26-Apr-17,-,-,-,0.74,-
25-Apr-17,-,-,-,0.74,-
24-Apr-17,-,-,-,0.75,-
23-Apr-17,-,-,-,0.76,-
22-Apr-17,-,-,-,0.75,-
21-Apr-17,-,-,-,0.76,-
20-Apr-17,-,-,-,0.78,-
19-Apr-17,-,-,-,0.78,-
18-Apr-17,-,-,-,0.78,-
17-Apr-17,-,-,-,0.78,-
16-Apr-17,-,-,-,0.77,-
15-Apr-17,-,-,-,0.78,-
14-Apr-17,-,-,-,0.78,-
13-Apr-17,-,-,-,0.77,-
12-Apr-17,-,-,-,0.77,-
11-Apr-17,-,-,-,0.77,-
10-Apr-17,-,-,-,0.77,-
9-Apr-17,-,-,-,0.78,-
8-Apr-17,-,-,-,0.78,-
7-Apr-17,-,-,-,0.79,-
6-Apr-17,-,-,-,0.80,-
5-Apr-17,-,-,-,0.80,-
4-Apr-17,-,-,-,0.79,-
3-Apr-17,-,-,-,0.79,-
2-Apr-17,-,-,-,0.78,-
1-Apr-17,-,-,-,0.77,-
31-Mar-17,-,-,-,0.76,-
30-Mar-17,-,-,-,0.74,-
29-Mar-17,-,-,-,0.73,-
28-Mar-17,-,-,-,0.73,-
27-Mar-17,-,-,-,0.73,-
26-Mar-17,-,-,-,0.73,-
25-Mar-17,-,-,-,0.73,-
24-Mar-17,-,-,-,0.73,-
23-Mar-17,-,-,-,0.74,-
22-Mar-17,-,-,-,0.75,-
21-Mar-17,-,-,-,0.77,-
20-Mar-17,-,-,-,0.77,-
19-Mar-17,-,-,-,0.77,-
18-Mar-17,-,-,-,0.77,-
17-Mar-17,-,-,-,0.78,-
16-Mar-17,-,-,-,0.78,-
15-Mar-17,-,-,-,0.77,-
14-Mar-17,-,-,-,0.75,-
13-Mar-17,-,-,-,0.75,-
12-Mar-17,-,-,-,0.76,-
11-Mar-17,-,-,-,0.76,-
10-Mar-17,-,-,-,0.77,-
9-Mar-17,-,-,-,0.77,-
8-Mar-17,-,-,-,0.78,-
7-Mar-17,-,-,-,0.80,-
6-Mar-17,-,-,-,0.80,-
5-Mar-17,-,-,-,0.80,-
4-Mar-17,-,-,-,0.80,-
3-Mar-17,-,-,-,0.79,-
2-Mar-17,-,-,-,0.78,-
1-Mar-17,-,-,-,0.77,-
28-Feb-17,-,-,-,0.76,-
27-Feb-17,-,-,-,0.75,-
26-Feb-17,-,-,-,0.74,-
25-Feb-17,-,-,-,0.74,-
24-Feb-17,-,-,-,0.73,-
23-Feb-17,-,-,-,0.74,-
22-Feb-17,-,-,-,0.75,-
21-Feb-17,-,-,-,0.76,-
20-Feb-17,-,-,-,0.76,-
19-Feb-17,-,-,-,0.76,-
18-Feb-17,-,-,-,0.76,-
17-Feb-17,-,-,-,0.77,-
16-Feb-17,-,-,-,0.77,-
15-Feb-17,-,-,-,0.76,-
14-Feb-17,-,-,-,0.75,-
13-Feb-17,-,-,-,0.76,-
12-Feb-17,-,-,-,0.75,-
11-Feb-17,-,-,-,0.75,-
10-Feb-17,-,-,-,0.76,-
9-Feb-17,-,-,-,0.76,-
8-Feb-17,-,-,-,0.77,-
7-Feb-17,-,-,-,0.79,-
6-Feb-17,-,-,-,0.80,-
5-Feb-17,-,-,-,0.80,-
4-Feb-17,-,-,-,0.80,-
3-Feb-17,-,-,-,0.80,-
2-Feb-17,-,-,-,0.80,-
1-Feb-17,-,-,-,0.79,-
31-Jan-17,-,-,-,0.78,-
30-Jan-17,-,-,-,0.77,-
29-Jan-17,-,-,-,0.77,-
28-Jan-17,-,-,-,0.77,-
27-Jan-17,-,-,-,0.79,-
26-Jan-17,-,-,-,0.79,-
25-Jan-17,-,-,-,0.79,-
24-Jan-17,-,-,-,0.79,-
23-Jan-17,-,-,-,0.80,-
22-Jan-17,-,-,-,0.79,-
21-Jan-17,-,-,-,0.79,-
20-Jan-17,-,-,-,0.77,-
19-Jan-17,-,-,-,0.78,-
18-Jan-17,-,-,-,0.78,-
17-Jan-17,-,-,-,0.78,-
16-Jan-17,-,-,-,0.77,-
15-Jan-17,-,-,-,0.78,-
14-Jan-17,-,-,-,0.78,-
13-Jan-17,-,-,-,0.78,-
12-Jan-17,-,-,-,0.78,-
11-Jan-17,-,-,-,0.79,-
10-Jan-17,-,-,-,0.81,-
9-Jan-17,-,-,-,0.83,-
8-Jan-17,-,-,-,0.82,-
7-Jan-17,-,-,-,0.81,-
6-Jan-17,-,-,-,0.81,-
5-Jan-17,-,-,-,0.81,-
4-Jan-17,-,-,-,0.80,-
3-Jan-17,-,-,-,0.79,-
2-Jan-17,-,-,-,0.77,-
1-Jan-17,-,-,-,0.74,-
31-Dec-16,-,-,-,0.72,-
30-Dec-16,-,-,-,0.70,-
29-Dec-16,-,-,-,0.68,-
28-Dec-16,-,-,-,0.67,-
27-Dec-16,-,-,-,0.67,-
26-Dec-16,-,-,-,0.67,-
25-Dec-16,-,-,-,0.69,-
24-Dec-16,-,-,-,0.72,-
23-Dec-16,-,-,-,0.73,-
22-Dec-16,-,-,-,0.74,-
21-Dec-16,-,-,-,0.76,-
20-Dec-16,-,-,-,0.77,-
19-Dec-16,-,-,-,0.77,-
18-Dec-16,-,-,-,0.77,-
17-Dec-16,-,-,-,0.77,-
16-Dec-16,-,-,-,0.77,-
15-Dec-16,-,-,-,0.76,-
14-Dec-16,-,-,-,0.74,-
13-Dec-16,-,-,-,0.72,-
12-Dec-16,-,-,-,0.72,-
11-Dec-16,-,-,-,0.73,-
10-Dec-16,-,-,-,0.73,-
9-Dec-16,-,-,-,0.74,-
8-Dec-16,-,-,-,0.75,-
7-Dec-16,-,-,-,0.77,-
6-Dec-16,-,-,-,0.77,-
5-Dec-16,-,-,-,0.78,-
4-Dec-16,-,-,-,0.82,-
3-Dec-16,-,-,-,0.83,-
2-Dec-16,-,-,-,0.81,-
1-Dec-16,-,-,-,0.79,-
30-Nov-16,-,-,-,0.74,-
29-Nov-16,-,-,-,0.73,-
28-Nov-16,-,-,-,0.72,-
27-Nov-16,-,-,-,0.67,-
26-Nov-16,-,-,-,0.66,-
25-Nov-16,-,-,-,0.67,-
24-Nov-16,-,-,-,0.68,-
23-Nov-16,-,-,-,0.72,-
22-Nov-16,-,-,-,0.73,-
21-Nov-16,-,-,-,0.75,-
20-Nov-16,-,-,-,0.77,-
19-Nov-16,-,-,-,0.77,-
18-Nov-16,-,-,-,0.77,-
17-Nov-16,-,-,-,0.75,-
16-Nov-16,-,-,-,0.74,-
15-Nov-16,-,-,-,0.70,-
14-Nov-16,-,-,-,0.67,-
13-Nov-16,-,-,-,0.65,-
12-Nov-16,-,-,-,0.65,-
11-Nov-16,-,-,-,0.65,-
10-Nov-16,-,-,-,0.66,-
9-Nov-16,-,-,-,0.66,-
8-Nov-16,-,-,-,0.69,-
7-Nov-16,-,-,-,0.71,-
6-Nov-16,-,-,-,0.72,-
5-Nov-16,-,-,-,0.72,-
4-Nov-16,-,-,-,0.71,-
3-Nov-16,-,-,-,0.71,-
2-Nov-16,-,-,-,0.70,-
1-Nov-16,-,-,-,0.69,-
31-Oct-16,-,-,-,0.68,-
30-Oct-16,-,-,-,0.68,-
29-Oct-16,-,-,-,0.68,-
28-Oct-16,-,-,-,0.69,-
27-Oct-16,-,-,-,0.69,-
26-Oct-16,-,-,-,0.69,-
25-Oct-16,-,-,-,0.70,-
24-Oct-16,-,-,-,0.70,-
23-Oct-16,-,-,-,0.70,-
22-Oct-16,-,-,-,0.71,-
21-Oct-16,-,-,-,0.72,-
20-Oct-16,-,-,-,0.72,-
19-Oct-16,-,-,-,0.74,-
18-Oct-16,-,-,-,0.74,-
17-Oct-16,-,-,-,0.73,-
16-Oct-16,-,-,-,0.73,-
15-Oct-16,-,-,-,0.72,-
14-Oct-16,-,-,-,0.72,-
13-Oct-16,-,-,-,0.70,-
12-Oct-16,-,-,-,0.70,-
11-Oct-16,-,-,-,0.70,-
10-Oct-16,-,-,-,0.70,-
9-Oct-16,-,-,-,0.72,-
8-Oct-16,-,-,-,0.72,-
7-Oct-16,-,-,-,0.73,-
6-Oct-16,-,-,-,0.75,-
5-Oct-16,-,-,-,0.75,-
4-Oct-16,-,-,-,0.75,-
3-Oct-16,-,-,-,0.74,-
2-Oct-16,-,-,-,0.73,-
1-Oct-16,-,-,-,0.72,-
30-Sep-16,-,-,-,0.71,-
29-Sep-16,-,-,-,0.69,-
28-Sep-16,-,-,-,0.69,-
27-Sep-16,-,-,-,0.69,-
26-Sep-16,-,-,-,0.70,-
25-Sep-16,-,-,-,0.71,-
24-Sep-16,-,-,-,0.71,-
23-Sep-16,-,-,-,0.71,-
22-Sep-16,-,-,-,0.73,-
21-Sep-16,-,-,-,0.74,-
20-Sep-16,-,-,-,0.74,-
19-Sep-16,-,-,-,0.75,-
18-Sep-16,-,-,-,0.75,-
17-Sep-16,-,-,-,0.76,-
16-Sep-16,-,-,-,0.76,-
15-Sep-16,-,-,-,0.77,-
14-Sep-16,-,-,-,0.76,-
13-Sep-16,-,-,-,0.76,-
12-Sep-16,-,-,-,0.77,-
11-Sep-16,-,-,-,0.74,-
10-Sep-16,-,-,-,0.74,-
9-Sep-16,-,-,-,0.74,-
8-Sep-16,-,-,-,0.72,-
7-Sep-16,-,-,-,0.73,-
6-Sep-16,-,-,-,0.73,-
5-Sep-16,-,-,-,0.73,-
4-Sep-16,-,-,-,0.76,-
3-Sep-16,-,-,-,0.76,-
2-Sep-16,-,-,-,0.77,-
1-Sep-16,-,-,-,0.77,-
31-Aug-16,-,-,-,0.76,-
30-Aug-16,-,-,-,0.76,-
29-Aug-16,-,-,-,0.76,-
28-Aug-16,-,-,-,0.76,-
27-Aug-16,-,-,-,0.76,-
26-Aug-16,-,-,-,0.76,-
25-Aug-16,-,-,-,0.76,-
24-Aug-16,-,-,-,0.76,-
23-Aug-16,-,-,-,0.76,-
22-Aug-16,-,-,-,0.77,-
21-Aug-16,-,-,-,0.79,-
20-Aug-16,-,-,-,0.79,-
19-Aug-16,-,-,-,0.80,-
18-Aug-16,-,-,-,0.82,-
17-Aug-16,-,-,-,0.83,-
16-Aug-16,-,-,-,0.83,-
15-Aug-16,-,-,-,0.83,-
14-Aug-16,-,-,-,0.83,-
13-Aug-16,-,-,-,0.83,-
12-Aug-16,-,-,-,0.83,-
11-Aug-16,-,-,-,0.84,-
10-Aug-16,-,-,-,0.85,-
9-Aug-16,-,-,-,0.86,-
8-Aug-16,-,-,-,0.87,-
7-Aug-16,-,-,-,0.89,-
6-Aug-16,-,-,-,0.90,-
5-Aug-16,-,-,-,0.91,-
4-Aug-16,-,-,-,0.91,-
3-Aug-16,-,-,-,0.90,-
2-Aug-16,-,-,-,0.89,-
1-Aug-16,-,-,-,0.88,-
31-Jul-16,-,-,-,0.86,-
30-Jul-16,-,-,-,0.85,-
29-Jul-16,-,-,-,0.85,-
28-Jul-16,-,-,-,0.83,-
27-Jul-16,-,-,-,0.83,-
26-Jul-16,-,-,-,0.84,-
25-Jul-16,-,-,-,0.84,-
24-Jul-16,-,-,-,0.83,-
23-Jul-16,-,-,-,0.83,-
22-Jul-16,-,-,-,0.84,-
21-Jul-16,-,-,-,0.85,-
20-Jul-16,-,-,-,0.86,-
19-Jul-16,-,-,-,0.86,-
18-Jul-16,-,-,-,0.87,-
17-Jul-16,-,-,-,0.88,-
16-Jul-16,-,-,-,0.88,-
15-Jul-16,-,-,-,0.87,-
14-Jul-16,-,-,-,0.87,-
13-Jul-16,-,-,-,0.87,-
12-Jul-16,-,-,-,0.88,-
11-Jul-16,-,-,-,0.87,-
10-Jul-16,-,-,-,0.82,-
9-Jul-16,-,-,-,0.82,-
8-Jul-16,-,-,-,0.82,-
7-Jul-16,-,-,-,0.83,-
6-Jul-16,-,-,-,0.82,-
5-Jul-16,-,-,-,0.81,-
4-Jul-16,-,-,-,0.80,-
3-Jul-16,-,-,-,0.85,-
2-Jul-16,-,-,-,0.86,-
1-Jul-16,-,-,-,0.85,-
30-Jun-16,-,-,-,0.84,-
29-Jun-16,-,-,-,0.82,-
28-Jun-16,-,-,-,0.81,-
27-Jun-16,-,-,-,0.80,-
26-Jun-16,-,-,-,0.79,-
25-Jun-16,-,-,-,0.77,-
24-Jun-16,-,-,-,0.77,-
23-Jun-16,-,-,-,0.75,-
22-Jun-16,-,-,-,0.76,-
21-Jun-16,-,-,-,0.77,-
20-Jun-16,-,-,-,0.77,-
19-Jun-16,-,-,-,0.77,-
18-Jun-16,-,-,-,0.77,-
17-Jun-16,-,-,-,0.77,-
16-Jun-16,-,-,-,0.78,-
15-Jun-16,-,-,-,0.77,-
14-Jun-16,-,-,-,0.76,-
13-Jun-16,-,-,-,0.76,-
12-Jun-16,-,-,-,0.76,-
11-Jun-16,-,-,-,0.77,-
10-Jun-16,-,-,-,0.77,-
9-Jun-16,-,-,-,0.78,-
8-Jun-16,-,-,-,0.79,-
7-Jun-16,-,-,-,0.80,-
6-Jun-16,-,-,-,0.80,-
5-Jun-16,-,-,-,0.76,-
4-Jun-16,-,-,-,0.75,-
3-Jun-16,-,-,-,0.74,-
2-Jun-16,-,-,-,0.72,-
1-Jun-16,-,-,-,0.71,-
31-May-16,-,-,-,0.69,-
30-May-16,-,-,-,0.68,-
29-May-16,-,-,-,0.71,-
28-May-16,-,-,-,0.72,-
27-May-16,-,-,-,0.72,-
26-May-16,-,-,-,0.73,-
25-May-16,-,-,-,0.72,-
24-May-16,-,-,-,0.73,-
23-May-16,-,-,-,0.74,-
22-May-16,-,-,-,0.75,-
21-May-16,-,-,-,0.76,-
20-May-16,-,-,-,0.76,-
19-May-16,-,-,-,0.77,-
18-May-16,-,-,-,0.78,-
17-May-16,-,-,-,0.78,-
16-May-16,-,-,-,0.78,-
15-May-16,-,-,-,0.78,-
14-May-16,-,-,-,0.77,-
13-May-16,-,-,-,0.77,-
12-May-16,-,-,-,0.76,-
11-May-16,-,-,-,0.77,-
10-May-16,-,-,-,0.77,-
9-May-16,-,-,-,0.77,-
8-May-16,-,-,-,0.77,-
7-May-16,-,-,-,0.78,-
6-May-16,-,-,-,0.78,-
5-May-16,-,-,-,0.79,-
4-May-16,-,-,-,0.79,-
3-May-16,-,-,-,0.78,-
2-May-16,-,-,-,0.78,-
1-May-16,-,-,-,0.77,-
30-Apr-16,-,-,-,0.76,-
29-Apr-16,-,-,-,0.75,-
28-Apr-16,-,-,-,0.74,-
27-Apr-16,-,-,-,0.73,-
26-Apr-16,-,-,-,0.73,-
25-Apr-16,-,-,-,0.74,-
24-Apr-16,-,-,-,0.75,-
23-Apr-16,-,-,-,0.75,-
22-Apr-16,-,-,-,0.76,-
21-Apr-16,-,-,-,0.79,-
20-Apr-16,-,-,-,0.81,-
19-Apr-16,-,-,-,0.82,-
18-Apr-16,-,-,-,0.83,-
17-Apr-16,-,-,-,0.83,-
16-Apr-16,-,-,-,0.83,-
15-Apr-16,-,-,-,0.83,-
14-Apr-16,-,-,-,0.81,-
13-Apr-16,-,-,-,0.80,-
12-Apr-16,-,-,-,0.80,-
11-Apr-16,-,-,-,0.80,-
10-Apr-16,-,-,-,0.80,-
9-Apr-16,-,-,-,0.80,-
8-Apr-16,-,-,-,0.81,-
7-Apr-16,-,-,-,0.82,-
6-Apr-16,-,-,-,0.83,-
5-Apr-16,-,-,-,0.84,-
4-Apr-16,-,-,-,0.83,-
3-Apr-16,-,-,-,0.83,-
2-Apr-16,-,-,-,0.81,-
1-Apr-16,-,-,-,0.80,-
31-Mar-16,-,-,-,0.78,-
30-Mar-16,-,-,-,0.76,-
29-Mar-16,-,-,-,0.75,-
28-Mar-16,-,-,-,0.75,-
27-Mar-16,-,-,-,0.75,-
26-Mar-16,-,-,-,0.76,-
25-Mar-16,-,-,-,0.77,-
24-Mar-16,-,-,-,0.77,-
23-Mar-16,-,-,-,0.77,-
22-Mar-16,-,-,-,0.78,-
21-Mar-16,-,-,-,0.79,-
20-Mar-16,-,-,-,0.80,-
19-Mar-16,-,-,-,0.81,-
18-Mar-16,-,-,-,0.81,-
17-Mar-16,-,-,-,0.82,-
16-Mar-16,-,-,-,0.83,-
15-Mar-16,-,-,-,0.83,-
14-Mar-16,-,-,-,0.83,-
13-Mar-16,-,-,-,0.83,-
12-Mar-16,-,-,-,0.83,-
11-Mar-16,-,-,-,0.84,-
10-Mar-16,-,-,-,0.84,-
9-Mar-16,-,-,-,0.85,-
8-Mar-16,-,-,-,0.85,-
7-Mar-16,-,-,-,0.87,-
6-Mar-16,-,-,-,0.88,-
5-Mar-16,-,-,-,0.88,-
4-Mar-16,-,-,-,0.88,-
3-Mar-16,-,-,-,0.88,-
2-Mar-16,-,-,-,0.87,-
1-Mar-16,-,-,-,0.86,-
29-Feb-16,-,-,-,0.84,-
28-Feb-16,-,-,-,0.83,-
27-Feb-16,-,-,-,0.83,-
26-Feb-16,-,-,-,0.82,-
25-Feb-16,-,-,-,0.82,-
24-Feb-16,-,-,-,0.83,-
23-Feb-16,-,-,-,0.83,-
22-Feb-16,-,-,-,0.84,-
21-Feb-16,-,-,-,0.84,-
20-Feb-16,-,-,-,0.83,-
19-Feb-16,-,-,-,0.84,-
18-Feb-16,-,-,-,0.84,-
17-Feb-16,-,-,-,0.84,-
16-Feb-16,-,-,-,0.84,-
15-Feb-16,-,-,-,0.83,-
14-Feb-16,-,-,-,0.82,-
13-Feb-16,-,-,-,0.82,-
12-Feb-16,-,-,-,0.81,-
11-Feb-16,-,-,-,0.81,-
10-Feb-16,-,-,-,0.80,-
9-Feb-16,-,-,-,0.80,-
8-Feb-16,-,-,-,0.80,-
7-Feb-16,-,-,-,0.82,-
6-Feb-16,-,-,-,0.83,-
5-Feb-16,-,-,-,0.83,-
4-Feb-16,-,-,-,0.83,-
3-Feb-16,-,-,-,0.83,-
2-Feb-16,-,-,-,0.82,-
1-Feb-16,-,-,-,0.81,-
31-Jan-16,-,-,-,0.79,-
30-Jan-16,-,-,-,0.78,-
29-Jan-16,-,-,-,0.76,-
28-Jan-16,-,-,-,0.74,-
27-Jan-16,-,-,-,0.74,-
26-Jan-16,-,-,-,0.75,-
25-Jan-16,-,-,-,0.75,-
24-Jan-16,-,-,-,0.74,-
23-Jan-16,-,-,-,0.74,-
22-Jan-16,-,-,-,0.76,-
21-Jan-16,-,-,-,0.77,-
20-Jan-16,-,-,-,0.76,-
19-Jan-16,-,-,-,0.76,-
18-Jan-16,-,-,-,0.76,-
17-Jan-16,-,-,-,0.76,-
16-Jan-16,-,-,-,0.76,-
15-Jan-16,-,-,-,0.75,-
14-Jan-16,-,-,-,0.73,-
13-Jan-16,-,-,-,0.74,-
12-Jan-16,-,-,-,0.74,-
11-Jan-16,-,-,-,0.76,-
10-Jan-16,-,-,-,0.77,-
9-Jan-16,-,-,-,0.78,-
8-Jan-16,-,-,-,0.78,-
7-Jan-16,-,-,-,0.75,-
6-Jan-16,-,-,-,0.77,-
5-Jan-16,-,-,-,0.77,-
4-Jan-16,-,-,-,0.77,-
3-Jan-16,-,-,-,0.77,-
2-Jan-16,-,-,-,0.75,-
1-Jan-16,-,-,-,0.73,-
31-Dec-15,-,-,-,0.69,-
30-Dec-15,-,-,-,0.66,-
29-Dec-15,-,-,-,0.64,-
28-Dec-15,-,-,-,0.64,-
27-Dec-15,-,-,-,0.62,-
26-Dec-15,-,-,-,0.62,-
25-Dec-15,-,-,-,0.63,-
24-Dec-15,-,-,-,0.70,-
23-Dec-15,-,-,-,0.72,-
22-Dec-15,-,-,-,0.74,-
21-Dec-15,-,-,-,0.74,-
20-Dec-15,-,-,-,0.75,-
19-Dec-15,-,-,-,0.75,-
18-Dec-15,-,-,-,0.75,-
17-Dec-15,-,-,-,0.75,-
16-Dec-15,-,-,-,0.74,-
15-Dec-15,-,-,-,0.73,-
14-Dec-15,-,-,-,0.72,-
13-Dec-15,-,-,-,0.72,-
12-Dec-15,-,-,-,0.72,-
11-Dec-15,-,-,-,0.73,-
10-Dec-15,-,-,-,0.74,-
9-Dec-15,-,-,-,0.74,-
8-Dec-15,-,-,-,0.75,-
7-Dec-15,-,-,-,0.78,-
6-Dec-15,-,-,-,0.83,-
5-Dec-15,-,-,-,0.84,-
4-Dec-15,-,-,-,0.84,-
3-Dec-15,-,-,-,0.84,-
2-Dec-15,-,-,-,0.80,-
1-Dec-15,-,-,-,0.80,-
30-Nov-15,-,-,-,0.77,-
29-Nov-15,-,-,-,0.73,-
28-Nov-15,-,-,-,0.72,-
27-Nov-15,-,-,-,0.71,-
26-Nov-15,-,-,-,0.70,-
25-Nov-15,-,-,-,0.73,-
24-Nov-15,-,-,-,0.72,-
23-Nov-15,-,-,-,0.72,-
22-Nov-15,-,-,-,0.72,-
21-Nov-15,-,-,-,0.73,-
20-Nov-15,-,-,-,0.73,-
19-Nov-15,-,-,-,0.75,-
18-Nov-15,-,-,-,0.76,-
17-Nov-15,-,-,-,0.76,-
16-Nov-15,-,-,-,0.76,-
15-Nov-15,-,-,-,0.76,-
14-Nov-15,-,-,-,0.75,-
13-Nov-15,-,-,-,0.75,-
12-Nov-15,-,-,-,0.75,-
11-Nov-15,-,-,-,0.75,-
10-Nov-15,-,-,-,0.76,-
9-Nov-15,-,-,-,0.77,-
8-Nov-15,-,-,-,0.78,-
7-Nov-15,-,-,-,0.79,-
6-Nov-15,-,-,-,0.79,-
5-Nov-15,-,-,-,0.80,-
4-Nov-15,-,-,-,0.79,-
3-Nov-15,-,-,-,0.79,-
2-Nov-15,-,-,-,0.78,-
1-Nov-15,-,-,-,0.78,-
31-Oct-15,-,-,-,0.76,-
30-Oct-15,-,-,-,0.76,-
29-Oct-15,-,-,-,0.75,-
28-Oct-15,-,-,-,0.74,-
27-Oct-15,-,-,-,0.74,-
26-Oct-15,-,-,-,0.74,-
25-Oct-15,-,-,-,0.74,-
24-Oct-15,-,-,-,0.74,-
23-Oct-15,-,-,-,0.75,-
22-Oct-15,-,-,-,0.76,-
21-Oct-15,-,-,-,0.79,-
20-Oct-15,-,-,-,0.80,-
19-Oct-15,-,-,-,0.81,-
18-Oct-15,-,-,-,0.81,-
17-Oct-15,-,-,-,0.81,-
16-Oct-15,-,-,-,0.81,-
15-Oct-15,-,-,-,0.80,-
14-Oct-15,-,-,-,0.79,-
13-Oct-15,-,-,-,0.78,-
12-Oct-15,-,-,-,0.79,-
11-Oct-15,-,-,-,0.80,-
10-Oct-15,-,-,-,0.81,-
9-Oct-15,-,-,-,0.81,-
8-Oct-15,-,-,-,0.82,-
7-Oct-15,-,-,-,0.83,-
6-Oct-15,-,-,-,0.84,-
5-Oct-15,-,-,-,0.83,-
4-Oct-15,-,-,-,0.83,-
3-Oct-15,-,-,-,0.82,-
2-Oct-15,-,-,-,0.82,-
1-Oct-15,-,-,-,0.81,-
30-Sep-15,-,-,-,0.79,-
29-Sep-15,-,-,-,0.77,-
28-Sep-15,-,-,-,0.77,-
27-Sep-15,-,-,-,0.77,-
26-Sep-15,-,-,-,0.77,-
25-Sep-15,-,-,-,0.77,-
24-Sep-15,-,-,-,0.78,-
23-Sep-15,-,-,-,0.79,-
22-Sep-15,-,-,-,0.81,-
21-Sep-15,-,-,-,0.82,-
20-Sep-15,-,-,-,0.83,-
19-Sep-15,-,-,-,0.84,-
18-Sep-15,-,-,-,0.84,-
17-Sep-15,-,-,-,0.83,-
16-Sep-15,-,-,-,0.83,-
15-Sep-15,-,-,-,0.82,-
14-Sep-15,-,-,-,0.82,-
13-Sep-15,-,-,-,0.78,-
12-Sep-15,-,-,-,0.78,-
11-Sep-15,-,-,-,0.78,-
10-Sep-15,-,-,-,0.79,-
9-Sep-15,-,-,-,0.79,-
8-Sep-15,-,-,-,0.80,-
7-Sep-15,-,-,-,0.82,-
6-Sep-15,-,-,-,0.87,-
5-Sep-15,-,-,-,0.89,-
4-Sep-15,-,-,-,0.90,-
3-Sep-15,-,-,-,0.91,-
2-Sep-15,-,-,-,0.91,-
1-Sep-15,-,-,-,0.91,-
31-Aug-15,-,-,-,0.91,-
30-Aug-15,-,-,-,0.90,-
29-Aug-15,-,-,-,0.90,-
28-Aug-15,-,-,-,0.89,-
27-Aug-15,-,-,-,0.89,-
26-Aug-15,-,-,-,0.89,-
25-Aug-15,-,-,-,0.89,-
24-Aug-15,-,-,-,0.89,-
23-Aug-15,-,-,-,0.89,-
22-Aug-15,-,-,-,0.90,-
21-Aug-15,-,-,-,0.91,-
20-Aug-15,-,-,-,0.93,-
19-Aug-15,-,-,-,0.94,-
18-Aug-15,-,-,-,0.94,-
17-Aug-15,-,-,-,0.95,-
16-Aug-15,-,-,-,0.96,-
15-Aug-15,-,-,-,0.96,-
14-Aug-15,-,-,-,0.96,-
13-Aug-15,-,-,-,0.94,-
12-Aug-15,-,-,-,0.95,-
11-Aug-15,-,-,-,0.96,-
10-Aug-15,-,-,-,0.96,-
9-Aug-15,-,-,-,0.97,-
8-Aug-15,-,-,-,0.98,-
7-Aug-15,-,-,-,0.99,-
6-Aug-15,-,-,-,1.01,-
5-Aug-15,-,-,-,1.00,-
4-Aug-15,-,-,-,1.00,-
3-Aug-15,-,-,-,0.99,-
2-Aug-15,-,-,-,0.97,-
1-Aug-15,-,-,-,0.96,-
31-Jul-15,-,-,-,0.94,-
30-Jul-15,-,-,-,0.92,-
29-Jul-15,-,-,-,0.92,-
28-Jul-15,-,-,-,0.92,-
27-Jul-15,-,-,-,0.92,-
26-Jul-15,-,-,-,0.92,-
25-Jul-15,-,-,-,0.92,-
24-Jul-15,-,-,-,0.92,-
23-Jul-15,-,-,-,0.93,-
22-Jul-15,-,-,-,0.94,-
21-Jul-15,-,-,-,0.97,-
20-Jul-15,-,-,-,0.97,-
19-Jul-15,-,-,-,0.97,-
18-Jul-15,-,-,-,0.98,-
17-Jul-15,-,-,-,0.97,-
16-Jul-15,-,-,-,0.98,-
15-Jul-15,-,-,-,0.97,-
14-Jul-15,-,-,-,0.95,-
13-Jul-15,-,-,-,0.96,-
12-Jul-15,-,-,-,0.96,-
11-Jul-15,-,-,-,0.96,-
10-Jul-15,-,-,-,0.94,-
9-Jul-15,-,-,-,0.93,-
8-Jul-15,-,-,-,0.94,-
7-Jul-15,-,-,-,0.95,-
6-Jul-15,-,-,-,0.95,-
5-Jul-15,-,-,-,0.95,-
4-Jul-15,-,-,-,0.96,-
3-Jul-15,-,-,-,0.98,-
2-Jul-15,-,-,-,0.98,-
1-Jul-15,-,-,-,0.96,-
30-Jun-15,-,-,-,0.94,-
29-Jun-15,-,-,-,0.92,-
28-Jun-15,-,-,-,0.91,-
27-Jun-15,-,-,-,0.90,-
26-Jun-15,-,-,-,0.89,-
25-Jun-15,-,-,-,0.89,-
24-Jun-15,-,-,-,0.89,-
23-Jun-15,-,-,-,0.89,-
22-Jun-15,-,-,-,0.90,-
21-Jun-15,-,-,-,0.91,-
20-Jun-15,-,-,-,0.92,-
19-Jun-15,-,-,-,0.92,-
18-Jun-15,-,-,-,0.92,-
17-Jun-15,-,-,-,0.92,-
16-Jun-15,-,-,-,0.93,-
15-Jun-15,-,-,-,0.93,-
14-Jun-15,-,-,-,0.91,-
13-Jun-15,-,-,-,0.91,-
12-Jun-15,-,-,-,0.91,-
11-Jun-15,-,-,-,0.92,-
10-Jun-15,-,-,-,0.92,-
9-Jun-15,-,-,-,0.93,-
8-Jun-15,-,-,-,0.93,-
7-Jun-15,-,-,-,0.94,-
6-Jun-15,-,-,-,0.95,-
5-Jun-15,-,-,-,0.96,-
4-Jun-15,-,-,-,0.95,-
3-Jun-15,-,-,-,0.95,-
2-Jun-15,-,-,-,0.95,-
1-Jun-15,-,-,-,0.94,-
31-May-15,-,-,-,0.89,-
30-May-15,-,-,-,0.87,-
29-May-15,-,-,-,0.86,-
28-May-15,-,-,-,0.85,-
27-May-15,-,-,-,0.85,-
26-May-15,-,-,-,0.83,-
25-May-15,-,-,-,0.83,-
24-May-15,-,-,-,0.87,-
23-May-15,-,-,-,0.87,-
22-May-15,-,-,-,0.88,-
21-May-15,-,-,-,0.89,-
20-May-15,-,-,-,0.89,-
19-May-15,-,-,-,0.89,-
18-May-15,-,-,-,0.90,-
17-May-15,-,-,-,0.90,-
16-May-15,-,-,-,0.89,-
15-May-15,-,-,-,0.89,-
14-May-15,-,-,-,0.87,-
13-May-15,-,-,-,0.88,-
12-May-15,-,-,-,0.88,-
11-May-15,-,-,-,0.88,-
10-May-15,-,-,-,0.88,-
9-May-15,-,-,-,0.89,-
8-May-15,-,-,-,0.89,-
7-May-15,-,-,-,0.90,-
6-May-15,-,-,-,0.90,-
5-May-15,-,-,-,0.90,-
4-May-15,-,-,-,0.88,-
3-May-15,-,-,-,0.87,-
2-May-15,-,-,-,0.87,-
1-May-15,-,-,-,0.87,-
30-Apr-15,-,-,-,0.85,-
29-Apr-15,-,-,-,0.84,-
28-Apr-15,-,-,-,0.84,-
27-Apr-15,-,-,-,0.84,-
26-Apr-15,-,-,-,0.85,-
25-Apr-15,-,-,-,0.85,-
24-Apr-15,-,-,-,0.85,-
23-Apr-15,-,-,-,0.85,-
22-Apr-15,-,-,-,0.87,-
21-Apr-15,-,-,-,0.89,-
20-Apr-15,-,-,-,0.90,-
19-Apr-15,-,-,-,0.90,-
18-Apr-15,-,-,-,0.91,-
17-Apr-15,-,-,-,0.91,-
16-Apr-15,-,-,-,0.92,-
15-Apr-15,-,-,-,0.92,-
14-Apr-15,-,-,-,0.91,-
13-Apr-15,-,-,-,0.91,-
12-Apr-15,-,-,-,0.90,-
11-Apr-15,-,-,-,0.89,-
10-Apr-15,-,-,-,0.88,-
9-Apr-15,-,-,-,0.89,-
8-Apr-15,-,-,-,0.89,-
7-Apr-15,-,-,-,0.90,-
6-Apr-15,-,-,-,0.90,-
5-Apr-15,-,-,-,0.90,-
4-Apr-15,-,-,-,0.91,-
3-Apr-15,-,-,-,0.92,-
2-Apr-15,-,-,-,0.91,-
1-Apr-15,-,-,-,0.90,-
31-Mar-15,-,-,-,0.90,-
30-Mar-15,-,-,-,0.89,-
29-Mar-15,-,-,-,0.89,-
28-Mar-15,-,-,-,0.89,-
27-Mar-15,-,-,-,0.88,-
26-Mar-15,-,-,-,0.88,-
25-Mar-15,-,-,-,0.88,-
24-Mar-15,-,-,-,0.88,-
23-Mar-15,-,-,-,0.88,-
22-Mar-15,-,-,-,0.88,-
21-Mar-15,-,-,-,0.88,-
20-Mar-15,-,-,-,0.89,-
19-Mar-15,-,-,-,0.91,-
18-Mar-15,-,-,-,0.91,-
17-Mar-15,-,-,-,0.91,-
16-Mar-15,-,-,-,0.91,-
15-Mar-15,-,-,-,0.91,-
14-Mar-15,-,-,-,0.91,-
13-Mar-15,-,-,-,0.92,-
12-Mar-15,-,-,-,0.91,-
11-Mar-15,-,-,-,0.91,-
10-Mar-15,-,-,-,0.90,-
9-Mar-15,-,-,-,0.91,-
8-Mar-15,-,-,-,0.91,-
7-Mar-15,-,-,-,0.91,-
6-Mar-15,-,-,-,0.91,-
5-Mar-15,-,-,-,0.92,-
4-Mar-15,-,-,-,0.92,-
3-Mar-15,-,-,-,0.92,-
2-Mar-15,-,-,-,0.90,-
1-Mar-15,-,-,-,0.89,-
28-Feb-15,-,-,-,0.88,-
27-Feb-15,-,-,-,0.87,-
26-Feb-15,-,-,-,0.86,-
25-Feb-15,-,-,-,0.86,-
24-Feb-15,-,-,-,0.87,-
23-Feb-15,-,-,-,0.87,-
22-Feb-15,-,-,-,0.87,-
21-Feb-15,-,-,-,0.88,-
20-Feb-15,-,-,-,0.88,-
19-Feb-15,-,-,-,0.89,-
18-Feb-15,-,-,-,0.89,-
17-Feb-15,-,-,-,0.88,-
16-Feb-15,-,-,-,0.89,-
15-Feb-15,-,-,-,0.90,-
14-Feb-15,-,-,-,0.90,-
13-Feb-15,-,-,-,0.90,-
12-Feb-15,-,-,-,0.89,-
11-Feb-15,-,-,-,0.89,-
10-Feb-15,-,-,-,0.90,-
9-Feb-15,-,-,-,0.91,-
8-Feb-15,-,-,-,0.92,-
7-Feb-15,-,-,-,0.91,-
6-Feb-15,-,-,-,0.92,-
5-Feb-15,-,-,-,0.93,-
4-Feb-15,-,-,-,0.94,-
3-Feb-15,-,-,-,0.94,-
2-Feb-15,-,-,-,0.93,-
1-Feb-15,-,-,-,0.93,-
31-Jan-15,-,-,-,0.93,-
30-Jan-15,-,-,-,0.93,-
29-Jan-15,-,-,-,0.92,-
28-Jan-15,-,-,-,0.92,-
27-Jan-15,-,-,-,0.93,-
26-Jan-15,-,-,-,0.93,-
25-Jan-15,-,-,-,0.92,-
24-Jan-15,-,-,-,0.91,-
23-Jan-15,-,-,-,0.91,-
22-Jan-15,-,-,-,0.92,-
21-Jan-15,-,-,-,0.93,-
20-Jan-15,-,-,-,0.93,-
19-Jan-15,-,-,-,0.92,-
18-Jan-15,-,-,-,0.93,-
17-Jan-15,-,-,-,0.93,-
16-Jan-15,-,-,-,0.93,-
15-Jan-15,-,-,-,0.91,-
14-Jan-15,-,-,-,0.89,-
13-Jan-15,-,-,-,0.88,-
12-Jan-15,-,-,-,0.88,-
11-Jan-15,-,-,-,0.88,-
10-Jan-15,-,-,-,0.88,-
9-Jan-15,-,-,-,0.89,-
8-Jan-15,-,-,-,0.89,-
7-Jan-15,-,-,-,0.85,-
6-Jan-15,-,-,-,0.85,-
5-Jan-15,-,-,-,0.85,-
4-Jan-15,-,-,-,0.84,-
3-Jan-15,-,-,-,0.83,-
2-Jan-15,-,-,-,0.81,-
1-Jan-15,-,-,-,0.78,-
31-Dec-14,-,-,-,0.74,-
30-Dec-14,-,-,-,0.71,-
29-Dec-14,-,-,-,0.71,-
28-Dec-14,-,-,-,0.70,-
27-Dec-14,-,-,-,0.69,-
26-Dec-14,-,-,-,0.69,-
25-Dec-14,-,-,-,0.72,-
24-Dec-14,-,-,-,0.78,-
23-Dec-14,-,-,-,0.79,-
22-Dec-14,-,-,-,0.79,-
21-Dec-14,-,-,-,0.81,-
20-Dec-14,-,-,-,0.82,-
19-Dec-14,-,-,-,0.82,-
18-Dec-14,-,-,-,0.82,-
17-Dec-14,-,-,-,0.81,-
16-Dec-14,-,-,-,0.81,-
15-Dec-14,-,-,-,0.80,-
14-Dec-14,-,-,-,0.79,-
13-Dec-14,-,-,-,0.79,-
12-Dec-14,-,-,-,0.78,-
11-Dec-14,-,-,-,0.79,-
10-Dec-14,-,-,-,0.79,-
9-Dec-14,-,-,-,0.79,-
8-Dec-14,-,-,-,0.80,-
7-Dec-14,-,-,-,0.84,-
6-Dec-14,-,-,-,0.86,-
5-Dec-14,-,-,-,0.86,-
4-Dec-14,-,-,-,0.85,-
3-Dec-14,-,-,-,0.82,-
2-Dec-14,-,-,-,0.82,-
1-Dec-14,-,-,-,0.81,-
30-Nov-14,-,-,-,0.77,-
29-Nov-14,-,-,-,0.76,-
28-Nov-14,-,-,-,0.75,-
27-Nov-14,-,-,-,0.75,-
26-Nov-14,-,-,-,0.78,-
25-Nov-14,-,-,-,0.78,-
24-Nov-14,-,-,-,0.77,-
23-Nov-14,-,-,-,0.77,-
22-Nov-14,-,-,-,0.77,-
21-Nov-14,-,-,-,0.79,-
20-Nov-14,-,-,-,0.80,-
19-Nov-14,-,-,-,0.81,-
18-Nov-14,-,-,-,0.81,-
17-Nov-14,-,-,-,0.81,-
16-Nov-14,-,-,-,0.82,-
15-Nov-14,-,-,-,0.82,-
14-Nov-14,-,-,-,0.81,-
13-Nov-14,-,-,-,0.80,-
12-Nov-14,-,-,-,0.80,-
11-Nov-14,-,-,-,0.80,-
10-Nov-14,-,-,-,0.81,-
9-Nov-14,-,-,-,0.82,-
8-Nov-14,-,-,-,0.83,-
7-Nov-14,-,-,-,0.83,-
6-Nov-14,-,-,-,0.84,-
5-Nov-14,-,-,-,0.84,-
4-Nov-14,-,-,-,0.84,-
3-Nov-14,-,-,-,0.84,-
2-Nov-14,-,-,-,0.83,-
1-Nov-14,-,-,-,0.83,-
31-Oct-14,-,-,-,0.81,-
30-Oct-14,-,-,-,0.80,-
29-Oct-14,-,-,-,0.80,-
28-Oct-14,-,-,-,0.80,-
27-Oct-14,-,-,-,0.79,-
26-Oct-14,-,-,-,0.80,-
25-Oct-14,-,-,-,0.80,-
24-Oct-14,-,-,-,0.80,-
23-Oct-14,-,-,-,0.81,-
22-Oct-14,-,-,-,0.83,-
21-Oct-14,-,-,-,0.86,-
20-Oct-14,-,-,-,0.87,-
19-Oct-14,-,-,-,0.86,-
18-Oct-14,-,-,-,0.86,-
17-Oct-14,-,-,-,0.87,-
16-Oct-14,-,-,-,0.87,-
15-Oct-14,-,-,-,0.85,-
14-Oct-14,-,-,-,0.83,-
13-Oct-14,-,-,-,0.82,-
12-Oct-14,-,-,-,0.83,-
11-Oct-14,-,-,-,0.84,-
10-Oct-14,-,-,-,0.85,-
9-Oct-14,-,-,-,0.85,-
8-Oct-14,-,-,-,0.86,-
7-Oct-14,-,-,-,0.88,-
6-Oct-14,-,-,-,0.89,-
5-Oct-14,-,-,-,0.89,-
4-Oct-14,-,-,-,0.89,-
3-Oct-14,-,-,-,0.89,-
2-Oct-14,-,-,-,0.88,-
1-Oct-14,-,-,-,0.87,-
30-Sep-14,-,-,-,0.85,-
29-Sep-14,-,-,-,0.83,-
28-Sep-14,-,-,-,0.82,-
27-Sep-14,-,-,-,0.82,-
26-Sep-14,-,-,-,0.82,-
25-Sep-14,-,-,-,0.81,-
24-Sep-14,-,-,-,0.82,-
23-Sep-14,-,-,-,0.82,-
22-Sep-14,-,-,-,0.84,-
21-Sep-14,-,-,-,0.86,-
20-Sep-14,-,-,-,0.86,-
19-Sep-14,-,-,-,0.86,-
18-Sep-14,-,-,-,0.87,-
17-Sep-14,-,-,-,0.87,-
16-Sep-14,-,-,-,0.87,-
15-Sep-14,-,-,-,0.86,-
14-Sep-14,-,-,-,0.84,-
13-Sep-14,-,-,-,0.84,-
12-Sep-14,-,-,-,0.84,-
11-Sep-14,-,-,-,0.85,-
10-Sep-14,-,-,-,0.85,-
9-Sep-14,-,-,-,0.86,-
8-Sep-14,-,-,-,0.88,-
7-Sep-14,-,-,-,0.85,-
6-Sep-14,-,-,-,0.85,-
5-Sep-14,-,-,-,0.85,-
4-Sep-14,-,-,-,0.86,-
3-Sep-14,-,-,-,0.86,-
2-Sep-14,-,-,-,0.84,-
1-Sep-14,-,-,-,0.83,-
31-Aug-14,-,-,-,0.87,-
30-Aug-14,-,-,-,0.88,-
29-Aug-14,-,-,-,0.88,-
28-Aug-14,-,-,-,0.87,-
27-Aug-14,-,-,-,0.87,-
26-Aug-14,-,-,-,0.87,-
25-Aug-14,-,-,-,0.87,-
24-Aug-14,-,-,-,0.89,-
23-Aug-14,-,-,-,0.89,-
22-Aug-14,-,-,-,0.88,-
21-Aug-14,-,-,-,0.90,-
20-Aug-14,-,-,-,0.91,-
19-Aug-14,-,-,-,0.92,-
18-Aug-14,-,-,-,0.92,-
17-Aug-14,-,-,-,0.91,-
16-Aug-14,-,-,-,0.91,-
15-Aug-14,-,-,-,0.90,-
14-Aug-14,-,-,-,0.89,-
13-Aug-14,-,-,-,0.89,-
12-Aug-14,-,-,-,0.89,-
11-Aug-14,-,-,-,0.90,-
10-Aug-14,-,-,-,0.91,-
9-Aug-14,-,-,-,0.92,-
8-Aug-14,-,-,-,0.92,-
7-Aug-14,-,-,-,0.93,-
6-Aug-14,-,-,-,0.95,-
5-Aug-14,-,-,-,0.95,-
4-Aug-14,-,-,-,0.94,-
3-Aug-14,-,-,-,0.94,-
2-Aug-14,-,-,-,0.94,-
1-Aug-14,-,-,-,0.93,-
31-Jul-14,-,-,-,0.91,-
30-Jul-14,-,-,-,0.90,-
29-Jul-14,-,-,-,0.89,-
28-Jul-14,-,-,-,0.89,-
27-Jul-14,-,-,-,0.89,-
26-Jul-14,-,-,-,0.89,-
25-Jul-14,-,-,-,0.89,-
24-Jul-14,-,-,-,0.89,-
23-Jul-14,-,-,-,0.89,-
22-Jul-14,-,-,-,0.90,-
21-Jul-14,-,-,-,0.91,-
20-Jul-14,-,-,-,0.92,-
19-Jul-14,-,-,-,0.92,-
18-Jul-14,-,-,-,0.92,-
17-Jul-14,-,-,-,0.93,-
16-Jul-14,-,-,-,0.94,-
15-Jul-14,-,-,-,0.93,-
14-Jul-14,-,-,-,0.92,-
13-Jul-14,-,-,-,0.92,-
12-Jul-14,-,-,-,0.92,-
11-Jul-14,-,-,-,0.91,-
10-Jul-14,-,-,-,0.86,-
9-Jul-14,-,-,-,0.87,-
8-Jul-14,-,-,-,0.87,-
7-Jul-14,-,-,-,0.88,-
6-Jul-14,-,-,-,0.88,-
5-Jul-14,-,-,-,0.88,-
4-Jul-14,-,-,-,0.90,-
3-Jul-14,-,-,-,0.94,-
2-Jul-14,-,-,-,0.92,-
1-Jul-14,-,-,-,0.92,-
30-Jun-14,-,-,-,0.90,-
29-Jun-14,-,-,-,0.89,-
28-Jun-14,-,-,-,0.88,-
27-Jun-14,-,-,-,0.87,-
26-Jun-14,-,-,-,0.87,-
25-Jun-14,-,-,-,0.87,-
24-Jun-14,-,-,-,0.86,-
23-Jun-14,-,-,-,0.87,-
22-Jun-14,-,-,-,0.88,-
21-Jun-14,-,-,-,0.89,-
20-Jun-14,-,-,-,0.89,-
19-Jun-14,-,-,-,0.90,-
18-Jun-14,-,-,-,0.90,-
17-Jun-14,-,-,-,0.90,-
16-Jun-14,-,-,-,0.91,-
15-Jun-14,-,-,-,0.91,-
14-Jun-14,-,-,-,0.91,-
13-Jun-14,-,-,-,0.91,-
12-Jun-14,-,-,-,0.91,-
11-Jun-14,-,-,-,0.92,-
10-Jun-14,-,-,-,0.92,-
9-Jun-14,-,-,-,0.92,-
8-Jun-14,-,-,-,0.93,-
7-Jun-14,-,-,-,0.94,-
6-Jun-14,-,-,-,0.95,-
5-Jun-14,-,-,-,0.96,-
4-Jun-14,-,-,-,0.96,-
3-Jun-14,-,-,-,0.97,-
2-Jun-14,-,-,-,0.95,-
1-Jun-14,-,-,-,0.90,-
31-May-14,-,-,-,0.88,-
30-May-14,-,-,-,0.87,-
29-May-14,-,-,-,0.85,-
28-May-14,-,-,-,0.84,-
27-May-14,-,-,-,0.83,-
26-May-14,-,-,-,0.83,-
25-May-14,-,-,-,0.88,-
24-May-14,-,-,-,0.89,-
23-May-14,-,-,-,0.90,-
22-May-14,-,-,-,0.91,-
21-May-14,-,-,-,0.93,-
20-May-14,-,-,-,0.94,-
19-May-14,-,-,-,0.93,-
18-May-14,-,-,-,0.93,-
17-May-14,-,-,-,0.93,-
16-May-14,-,-,-,0.93,-
15-May-14,-,-,-,0.91,-
14-May-14,-,-,-,0.90,-
13-May-14,-,-,-,0.89,-
12-May-14,-,-,-,0.90,-
11-May-14,-,-,-,0.91,-
10-May-14,-,-,-,0.92,-
9-May-14,-,-,-,0.92,-
8-May-14,-,-,-,0.93,-
7-May-14,-,-,-,0.95,-
6-May-14,-,-,-,0.95,-
5-May-14,-,-,-,0.95,-
4-May-14,-,-,-,0.94,-
3-May-14,-,-,-,0.94,-
2-May-14,-,-,-,0.94,-
1-May-14,-,-,-,0.93,-
30-Apr-14,-,-,-,0.91,-
29-Apr-14,-,-,-,0.90,-
28-Apr-14,-,-,-,0.90,-
27-Apr-14,-,-,-,0.90,-
26-Apr-14,-,-,-,0.89,-
25-Apr-14,-,-,-,0.88,-
24-Apr-14,-,-,-,0.87,-
23-Apr-14,-,-,-,0.87,-
22-Apr-14,-,-,-,0.89,-
21-Apr-14,-,-,-,0.90,-
20-Apr-14,-,-,-,0.92,-
19-Apr-14,-,-,-,0.94,-
18-Apr-14,-,-,-,0.96,-
17-Apr-14,-,-,-,0.97,-
16-Apr-14,-,-,-,0.98,-
15-Apr-14,-,-,-,0.97,-
14-Apr-14,-,-,-,0.95,-
13-Apr-14,-,-,-,0.94,-
12-Apr-14,-,-,-,0.94,-
11-Apr-14,-,-,-,0.93,-
10-Apr-14,-,-,-,0.93,-
9-Apr-14,-,-,-,0.93,-
8-Apr-14,-,-,-,0.93,-
7-Apr-14,-,-,-,0.94,-
6-Apr-14,-,-,-,0.95,-
5-Apr-14,-,-,-,0.94,-
4-Apr-14,-,-,-,0.95,-
3-Apr-14,-,-,-,0.94,-
2-Apr-14,-,-,-,0.93,-
1-Apr-14,-,-,-,0.92,-
31-Mar-14,-,-,-,0.91,-
30-Mar-14,-,-,-,0.90,-
29-Mar-14,-,-,-,0.90,-
28-Mar-14,-,-,-,0.89,-
27-Mar-14,-,-,-,0.89,-
26-Mar-14,-,-,-,0.89,-
25-Mar-14,-,-,-,0.89,-
24-Mar-14,-,-,-,0.90,-
23-Mar-14,-,-,-,0.91,-
22-Mar-14,-,-,-,0.91,-
21-Mar-14,-,-,-,0.92,-
20-Mar-14,-,-,-,0.94,-
19-Mar-14,-,-,-,0.94,-
18-Mar-14,-,-,-,0.94,-
17-Mar-14,-,-,-,0.94,-
16-Mar-14,-,-,-,0.94,-
15-Mar-14,-,-,-,0.94,-
14-Mar-14,-,-,-,0.94,-
13-Mar-14,-,-,-,0.93,-
12-Mar-14,-,-,-,0.93,-
11-Mar-14,-,-,-,0.93,-
10-Mar-14,-,-,-,0.94,-
9-Mar-14,-,-,-,0.93,-
8-Mar-14,-,-,-,0.93,-
7-Mar-14,-,-,-,0.94,-
6-Mar-14,-,-,-,0.96,-
5-Mar-14,-,-,-,0.96,-
4-Mar-14,-,-,-,0.96,-
3-Mar-14,-,-,-,0.95,-
2-Mar-14,-,-,-,0.95,-
1-Mar-14,-,-,-,0.95,-
28-Feb-14,-,-,-,0.94,-
27-Feb-14,-,-,-,0.91,-
26-Feb-14,-,-,-,0.91,-
25-Feb-14,-,-,-,0.91,-
24-Feb-14,-,-,-,0.91,-
23-Feb-14,-,-,-,0.90,-
22-Feb-14,-,-,-,0.91,-
21-Feb-14,-,-,-,0.91,-
20-Feb-14,-,-,-,0.92,-
19-Feb-14,-,-,-,0.91,-
18-Feb-14,-,-,-,0.90,-
17-Feb-14,-,-,-,0.91,-
16-Feb-14,-,-,-,0.92,-
15-Feb-14,-,-,-,0.91,-
14-Feb-14,-,-,-,0.91,-
13-Feb-14,-,-,-,0.92,-
12-Feb-14,-,-,-,0.92,-
11-Feb-14,-,-,-,0.92,-
10-Feb-14,-,-,-,0.93,-
9-Feb-14,-,-,-,0.93,-
8-Feb-14,-,-,-,0.93,-
7-Feb-14,-,-,-,0.94,-
6-Feb-14,-,-,-,0.95,-
5-Feb-14,-,-,-,0.96,-
4-Feb-14,-,-,-,0.95,-
3-Feb-14,-,-,-,0.94,-
2-Feb-14,-,-,-,0.94,-
1-Feb-14,-,-,-,0.93,-
31-Jan-14,-,-,-,0.92,-
30-Jan-14,-,-,-,0.90,-
29-Jan-14,-,-,-,0.90,-
28-Jan-14,-,-,-,0.91,-
27-Jan-14,-,-,-,0.91,-
26-Jan-14,-,-,-,0.89,-
25-Jan-14,-,-,-,0.89,-
24-Jan-14,-,-,-,0.88,-
23-Jan-14,-,-,-,0.89,-
22-Jan-14,-,-,-,0.90,-
21-Jan-14,-,-,-,0.91,-
20-Jan-14,-,-,-,0.92,-
19-Jan-14,-,-,-,0.94,-
18-Jan-14,-,-,-,0.94,-
17-Jan-14,-,-,-,0.94,-
16-Jan-14,-,-,-,0.94,-
15-Jan-14,-,-,-,0.94,-
14-Jan-14,-,-,-,0.92,-
13-Jan-14,-,-,-,0.92,-
12-Jan-14,-,-,-,0.92,-
11-Jan-14,-,-,-,0.92,-
10-Jan-14,-,-,-,0.93,-
9-Jan-14,-,-,-,0.94,-
8-Jan-14,-,-,-,0.95,-
7-Jan-14,-,-,-,0.91,-
6-Jan-14,-,-,-,0.92,-
5-Jan-14,-,-,-,0.92,-
4-Jan-14,-,-,-,0.92,-
3-Jan-14,-,-,-,0.91,-
2-Jan-14,-,-,-,0.89,-
1-Jan-14,-,-,-,0.88,-
31-Dec-13,-,-,-,0.84,-
30-Dec-13,-,-,-,0.82,-
29-Dec-13,-,-,-,0.81,-
28-Dec-13,-,-,-,0.81,-
27-Dec-13,-,-,-,0.81,-
26-Dec-13,-,-,-,0.81,-
25-Dec-13,-,-,-,0.82,-
24-Dec-13,-,-,-,0.87,-
23-Dec-13,-,-,-,0.88,-
22-Dec-13,-,-,-,0.89,-
21-Dec-13,-,-,-,0.89,-
20-Dec-13,-,-,-,0.89,-
19-Dec-13,-,-,-,0.89,-
18-Dec-13,-,-,-,0.88,-
17-Dec-13,-,-,-,0.88,-
16-Dec-13,-,-,-,0.88,-
15-Dec-13,-,-,-,0.86,-
14-Dec-13,-,-,-,0.85,-
13-Dec-13,-,-,-,0.85,-
12-Dec-13,-,-,-,0.84,-
11-Dec-13,-,-,-,0.84,-
10-Dec-13,-,-,-,0.84,-
9-Dec-13,-,-,-,0.86,-
8-Dec-13,-,-,-,0.91,-
7-Dec-13,-,-,-,0.93,-
6-Dec-13,-,-,-,0.94,-
5-Dec-13,-,-,-,0.95,-
4-Dec-13,-,-,-,0.91,-
3-Dec-13,-,-,-,0.92,-
2-Dec-13,-,-,-,0.91,-
1-Dec-13,-,-,-,0.87,-
30-Nov-13,-,-,-,0.86,-
29-Nov-13,-,-,-,0.84,-
28-Nov-13,-,-,-,0.84,-
27-Nov-13,-,-,-,0.86,-
26-Nov-13,-,-,-,0.86,-
25-Nov-13,-,-,-,0.86,-
24-Nov-13,-,-,-,0.86,-
23-Nov-13,-,-,-,0.86,-
22-Nov-13,-,-,-,0.88,-
21-Nov-13,-,-,-,0.90,-
20-Nov-13,-,-,-,0.91,-
19-Nov-13,-,-,-,0.92,-
18-Nov-13,-,-,-,0.92,-
17-Nov-13,-,-,-,0.90,-
16-Nov-13,-,-,-,0.90,-
15-Nov-13,-,-,-,0.90,-
14-Nov-13,-,-,-,0.88,-
13-Nov-13,-,-,-,0.88,-
12-Nov-13,-,-,-,0.88,-
11-Nov-13,-,-,-,0.89,-
10-Nov-13,-,-,-,0.91,-
9-Nov-13,-,-,-,0.92,-
8-Nov-13,-,-,-,0.93,-
7-Nov-13,-,-,-,0.95,-
6-Nov-13,-,-,-,0.96,-
5-Nov-13,-,-,-,0.96,-
4-Nov-13,-,-,-,0.96,-
3-Nov-13,-,-,-,0.95,-
2-Nov-13,-,-,-,0.94,-
1-Nov-13,-,-,-,0.92,-
31-Oct-13,-,-,-,0.90,-
30-Oct-13,-,-,-,0.89,-
29-Oct-13,-,-,-,0.88,-
28-Oct-13,-,-,-,0.88,-
27-Oct-13,-,-,-,0.88,-
26-Oct-13,-,-,-,0.88,-
25-Oct-13,-,-,-,0.88,-
24-Oct-13,-,-,-,0.89,-
23-Oct-13,-,-,-,0.90,-
22-Oct-13,-,-,-,0.91,-
21-Oct-13,-,-,-,0.93,-
20-Oct-13,-,-,-,0.93,-
19-Oct-13,-,-,-,0.94,-
18-Oct-13,-,-,-,0.94,-
17-Oct-13,-,-,-,0.94,-
16-Oct-13,-,-,-,0.94,-
15-Oct-13,-,-,-,0.93,-
14-Oct-13,-,-,-,0.92,-
13-Oct-13,-,-,-,0.93,-
12-Oct-13,-,-,-,0.93,-
11-Oct-13,-,-,-,0.94,-
10-Oct-13,-,-,-,0.94,-
9-Oct-13,-,-,-,0.95,-
8-Oct-13,-,-,-,0.96,-
7-Oct-13,-,-,-,0.99,-
6-Oct-13,-,-,-,1.00,-
5-Oct-13,-,-,-,1.00,-
4-Oct-13,-,-,-,1.00,-
3-Oct-13,-,-,-,1.00,-
2-Oct-13,-,-,-,1.00,-
1-Oct-13,-,-,-,0.99,-
30-Sep-13,-,-,-,0.96,-
29-Sep-13,-,-,-,0.95,-
28-Sep-13,-,-,-,0.95,-
27-Sep-13,-,-,-,0.94,-
26-Sep-13,-,-,-,0.93,-
25-Sep-13,-,-,-,0.94,-
24-Sep-13,-,-,-,0.94,-
23-Sep-13,-,-,-,0.94,-
22-Sep-13,-,-,-,0.94,-
21-Sep-13,-,-,-,0.94,-
20-Sep-13,-,-,-,0.96,-
19-Sep-13,-,-,-,0.98,-
18-Sep-13,-,-,-,0.97,-
17-Sep-13,-,-,-,0.97,-
16-Sep-13,-,-,-,0.97,-
15-Sep-13,-,-,-,0.97,-
14-Sep-13,-,-,-,0.97,-
13-Sep-13,-,-,-,0.97,-
12-Sep-13,-,-,-,0.96,-
11-Sep-13,-,-,-,0.97,-
10-Sep-13,-,-,-,0.99,-
9-Sep-13,-,-,-,1.00,-
8-Sep-13,-,-,-,0.96,-
7-Sep-13,-,-,-,0.97,-
6-Sep-13,-,-,-,0.97,-
5-Sep-13,-,-,-,0.98,-
4-Sep-13,-,-,-,0.97,-
3-Sep-13,-,-,-,0.96,-
2-Sep-13,-,-,-,0.96,-
1-Sep-13,-,-,-,0.99,-
31-Aug-13,-,-,-,0.98,-
30-Aug-13,-,-,-,0.98,-
29-Aug-13,-,-,-,0.97,-
28-Aug-13,-,-,-,0.98,-
27-Aug-13,-,-,-,0.98,-
26-Aug-13,-,-,-,0.98,-
25-Aug-13,-,-,-,0.99,-
24-Aug-13,-,-,-,1.00,-
23-Aug-13,-,-,-,1.00,-
22-Aug-13,-,-,-,1.02,-
21-Aug-13,-,-,-,1.04,-
20-Aug-13,-,-,-,1.04,-
19-Aug-13,-,-,-,1.05,-
18-Aug-13,-,-,-,1.05,-
17-Aug-13,-,-,-,1.05,-
16-Aug-13,-,-,-,1.05,-
15-Aug-13,-,-,-,1.04,-
14-Aug-13,-,-,-,1.02,-
13-Aug-13,-,-,-,1.03,-
12-Aug-13,-,-,-,1.03,-
11-Aug-13,-,-,-,1.05,-
10-Aug-13,-,-,-,1.05,-
9-Aug-13,-,-,-,1.06,-
8-Aug-13,-,-,-,1.06,-
7-Aug-13,-,-,-,1.08,-
6-Aug-13,-,-,-,1.10,-
5-Aug-13,-,-,-,1.10,-
4-Aug-13,-,-,-,1.09,-
3-Aug-13,-,-,-,1.09,-
2-Aug-13,-,-,-,1.09,-
1-Aug-13,-,-,-,1.09,-
31-Jul-13,-,-,-,1.07,-
30-Jul-13,-,-,-,1.06,-
29-Jul-13,-,-,-,1.05,-
28-Jul-13,-,-,-,1.05,-
27-Jul-13,-,-,-,1.05,-
26-Jul-13,-,-,-,1.04,-
25-Jul-13,-,-,-,1.05,-
24-Jul-13,-,-,-,1.05,-
23-Jul-13,-,-,-,1.05,-
22-Jul-13,-,-,-,1.06,-
21-Jul-13,-,-,-,1.08,-
20-Jul-13,-,-,-,1.08,-
19-Jul-13,-,-,-,1.08,-
18-Jul-13,-,-,-,1.09,-
17-Jul-13,-,-,-,1.11,-
16-Jul-13,-,-,-,1.11,-
15-Jul-13,-,-,-,1.11,-
14-Jul-13,-,-,-,1.11,-
13-Jul-13,-,-,-,1.11,-
12-Jul-13,-,-,-,1.12,-
11-Jul-13,-,-,-,1.10,-
10-Jul-13,-,-,-,1.05,-
9-Jul-13,-,-,-,1.05,-
8-Jul-13,-,-,-,1.06,-
7-Jul-13,-,-,-,1.07,-
6-Jul-13,-,-,-,1.07,-
5-Jul-13,-,-,-,1.07,-
4-Jul-13,-,-,-,1.09,-
3-Jul-13,-,-,-,1.14,-
2-Jul-13,-,-,-,1.13,-
1-Jul-13,-,-,-,1.13,-
30-Jun-13,-,-,-,1.12,-
29-Jun-13,-,-,-,1.11,-
28-Jun-13,-,-,-,1.11,-
27-Jun-13,-,-,-,1.10,-
26-Jun-13,-,-,-,1.10,-
25-Jun-13,-,-,-,1.11,-
24-Jun-13,-,-,-,1.09,-
23-Jun-13,-,-,-,1.09,-
22-Jun-13,-,-,-,1.09,-
21-Jun-13,-,-,-,1.09,-
20-Jun-13,-,-,-,1.11,-
19-Jun-13,-,-,-,1.11,-
18-Jun-13,-,-,-,1.10,-
17-Jun-13,-,-,-,1.09,-
16-Jun-13,-,-,-,1.10,-
15-Jun-13,-,-,-,1.10,-
14-Jun-13,-,-,-,1.09,-
13-Jun-13,-,-,-,1.08,-
12-Jun-13,-,-,-,1.08,-
11-Jun-13,-,-,-,1.09,-
10-Jun-13,-,-,-,1.10,-
9-Jun-13,-,-,-,1.11,-
8-Jun-13,-,-,-,1.12,-
7-Jun-13,-,-,-,1.12,-
6-Jun-13,-,-,-,1.14,-
5-Jun-13,-,-,-,1.14,-
4-Jun-13,-,-,-,1.15,-
3-Jun-13,-,-,-,1.13,-
2-Jun-13,-,-,-,1.07,-
1-Jun-13,-,-,-,1.05,-
31-May-13,-,-,-,1.03,-
30-May-13,-,-,-,1.00,-
29-May-13,-,-,-,0.99,-
28-May-13,-,-,-,0.97,-
27-May-13,-,-,-,0.96,-
26-May-13,-,-,-,1.01,-
25-May-13,-,-,-,1.01,-
24-May-13,-,-,-,1.01,-
23-May-13,-,-,-,1.01,-
22-May-13,-,-,-,1.02,-
21-May-13,-,-,-,1.03,-
20-May-13,-,-,-,1.04,-
19-May-13,-,-,-,1.05,-
18-May-13,-,-,-,1.05,-
17-May-13,-,-,-,1.05,-
16-May-13,-,-,-,1.05,-
15-May-13,-,-,-,1.05,-
14-May-13,-,-,-,1.03,-
13-May-13,-,-,-,1.03,-
12-May-13,-,-,-,1.04,-
11-May-13,-,-,-,1.05,-
10-May-13,-,-,-,1.05,-
9-May-13,-,-,-,1.06,-
8-May-13,-,-,-,1.07,-
7-May-13,-,-,-,1.09,-
6-May-13,-,-,-,1.10,-
5-May-13,-,-,-,1.10,-
4-May-13,-,-,-,1.10,-
3-May-13,-,-,-,1.10,-
2-May-13,-,-,-,1.09,-
1-May-13,-,-,-,1.08,-
30-Apr-13,-,-,-,1.06,-
29-Apr-13,-,-,-,1.04,-
28-Apr-13,-,-,-,1.03,-
27-Apr-13,-,-,-,1.03,-
26-Apr-13,-,-,-,1.03,-
25-Apr-13,-,-,-,1.02,-
24-Apr-13,-,-,-,1.01,-
23-Apr-13,-,-,-,1.01,-
22-Apr-13,-,-,-,1.02,-
21-Apr-13,-,-,-,1.04,-
20-Apr-13,-,-,-,1.05,-
19-Apr-13,-,-,-,1.07,-
18-Apr-13,-,-,-,1.09,-
17-Apr-13,-,-,-,1.10,-
16-Apr-13,-,-,-,1.11,-
15-Apr-13,-,-,-,1.11,-
14-Apr-13,-,-,-,1.09,-
13-Apr-13,-,-,-,1.09,-
12-Apr-13,-,-,-,1.08,-
11-Apr-13,-,-,-,1.08,-
10-Apr-13,-,-,-,1.12,-
9-Apr-13,-,-,-,1.12,-
8-Apr-13,-,-,-,1.12,-
7-Apr-13,-,-,-,1.13,-
6-Apr-13,-,-,-,1.12,-
5-Apr-13,-,-,-,1.12,-
4-Apr-13,-,-,-,1.11,-
3-Apr-13,-,-,-,1.08,-
2-Apr-13,-,-,-,1.08,-
1-Apr-13,-,-,-,1.09,-
31-Mar-13,-,-,-,1.07,-
30-Mar-13,-,-,-,1.08,-
29-Mar-13,-,-,-,1.07,-
28-Mar-13,-,-,-,1.06,-
27-Mar-13,-,-,-,1.06,-
26-Mar-13,-,-,-,1.05,-
25-Mar-13,-,-,-,1.04,-
24-Mar-13,-,-,-,1.04,-
23-Mar-13,-,-,-,1.05,-
22-Mar-13,-,-,-,1.06,-
21-Mar-13,-,-,-,1.08,-
20-Mar-13,-,-,-,1.08,-
19-Mar-13,-,-,-,1.08,-
18-Mar-13,-,-,-,1.08,-
17-Mar-13,-,-,-,1.08,-
16-Mar-13,-,-,-,1.09,-
15-Mar-13,-,-,-,1.08,-
14-Mar-13,-,-,-,1.07,-
13-Mar-13,-,-,-,1.07,-
12-Mar-13,-,-,-,1.08,-
11-Mar-13,-,-,-,1.09,-
10-Mar-13,-,-,-,1.09,-
9-Mar-13,-,-,-,1.10,-
8-Mar-13,-,-,-,1.11,-
7-Mar-13,-,-,-,1.12,-
6-Mar-13,-,-,-,1.14,-
5-Mar-13,-,-,-,1.13,-
4-Mar-13,-,-,-,1.12,-
3-Mar-13,-,-,-,1.10,-
2-Mar-13,-,-,-,1.10,-
1-Mar-13,-,-,-,1.09,-
28-Feb-13,-,-,-,1.07,-
27-Feb-13,-,-,-,1.05,-
26-Feb-13,-,-,-,1.06,-
25-Feb-13,-,-,-,1.06,-
24-Feb-13,-,-,-,1.05,-
23-Feb-13,-,-,-,1.04,-
22-Feb-13,-,-,-,1.05,-
21-Feb-13,-,-,-,1.08,-
20-Feb-13,-,-,-,1.07,-
19-Feb-13,-,-,-,1.06,-
18-Feb-13,-,-,-,1.06,-
17-Feb-13,-,-,-,1.07,-
16-Feb-13,-,-,-,1.07,-
15-Feb-13,-,-,-,1.06,-
14-Feb-13,-,-,-,1.03,-
13-Feb-13,-,-,-,1.03,-
12-Feb-13,-,-,-,1.04,-
11-Feb-13,-,-,-,1.04,-
10-Feb-13,-,-,-,1.04,-
9-Feb-13,-,-,-,1.04,-
8-Feb-13,-,-,-,1.05,-
7-Feb-13,-,-,-,1.07,-
6-Feb-13,-,-,-,1.08,-
5-Feb-13,-,-,-,1.08,-
4-Feb-13,-,-,-,1.08,-
3-Feb-13,-,-,-,1.09,-
2-Feb-13,-,-,-,1.09,-
1-Feb-13,-,-,-,1.07,-
31-Jan-13,-,-,-,1.06,-
30-Jan-13,-,-,-,1.07,-
29-Jan-13,-,-,-,1.08,-
28-Jan-13,-,-,-,1.07,-
27-Jan-13,-,-,-,1.05,-
26-Jan-13,-,-,-,1.04,-
25-Jan-13,-,-,-,1.05,-
24-Jan-13,-,-,-,1.03,-
23-Jan-13,-,-,-,1.02,-
22-Jan-13,-,-,-,1.02,-
21-Jan-13,-,-,-,1.04,-
20-Jan-13,-,-,-,1.06,-
19-Jan-13,-,-,-,1.06,-
18-Jan-13,-,-,-,1.06,-
17-Jan-13,-,-,-,1.07,-
16-Jan-13,-,-,-,1.08,-
15-Jan-13,-,-,-,1.08,-
14-Jan-13,-,-,-,1.07,-
13-Jan-13,-,-,-,1.07,-
12-Jan-13,-,-,-,1.07,-
11-Jan-13,-,-,-,1.08,-
10-Jan-13,-,-,-,1.08,-
9-Jan-13,-,-,-,1.09,-
8-Jan-13,-,-,-,1.10,-
7-Jan-13,-,-,-,1.06,-
6-Jan-13,-,-,-,1.04,-
5-Jan-13,-,-,-,1.04,-
4-Jan-13,-,-,-,1.03,-
3-Jan-13,-,-,-,1.03,-
2-Jan-13,-,-,-,1.01,-
1-Jan-13,-,-,-,0.97,-
31-Dec-12,-,-,-,0.92,-
30-Dec-12,-,-,-,0.89,-
29-Dec-12,-,-,-,0.89,-
28-Dec-12,-,-,-,0.89,-
27-Dec-12,-,-,-,0.91,-
26-Dec-12,-,-,-,0.93,-
25-Dec-12,-,-,-,0.97,-
24-Dec-12,-,-,-,1.08,-
23-Dec-12,-,-,-,1.09,-
22-Dec-12,-,-,-,1.09,-
21-Dec-12,-,-,-,1.10,-
20-Dec-12,-,-,-,1.06,-
19-Dec-12,-,-,-,1.03,-
18-Dec-12,-,-,-,1.00,-
17-Dec-12,-,-,-,0.97,-
16-Dec-12,-,-,-,0.97,-
15-Dec-12,-,-,-,0.97,-
14-Dec-12,-,-,-,0.96,-
13-Dec-12,-,-,-,0.96,-
12-Dec-12,-,-,-,0.97,-
11-Dec-12,-,-,-,0.97,-
10-Dec-12,-,-,-,0.98,-
9-Dec-12,-,-,-,0.99,-
8-Dec-12,-,-,-,1.00,-
7-Dec-12,-,-,-,1.00,-
6-Dec-12,-,-,-,1.02,-
5-Dec-12,-,-,-,1.02,-
4-Dec-12,-,-,-,1.02,-
3-Dec-12,-,-,-,1.01,-
2-Dec-12,-,-,-,1.02,-
1-Dec-12,-,-,-,1.03,-
30-Nov-12,-,-,-,1.01,-
29-Nov-12,-,-,-,0.98,-
28-Nov-12,-,-,-,0.93,-
27-Nov-12,-,-,-,0.94,-
26-Nov-12,-,-,-,0.94,-
25-Nov-12,-,-,-,0.92,-
24-Nov-12,-,-,-,0.91,-
23-Nov-12,-,-,-,0.92,-
22-Nov-12,-,-,-,0.96,-
21-Nov-12,-,-,-,1.02,-
20-Nov-12,-,-,-,1.02,-
19-Nov-12,-,-,-,1.02,-
18-Nov-12,-,-,-,1.01,-
17-Nov-12,-,-,-,1.01,-
16-Nov-12,-,-,-,1.02,-
15-Nov-12,-,-,-,1.01,-
14-Nov-12,-,-,-,1.00,-
13-Nov-12,-,-,-,0.96,-
12-Nov-12,-,-,-,0.95,-
11-Nov-12,-,-,-,0.97,-
10-Nov-12,-,-,-,0.97,-
9-Nov-12,-,-,-,0.97,-
8-Nov-12,-,-,-,0.98,-
7-Nov-12,-,-,-,0.99,-
6-Nov-12,-,-,-,1.01,-
5-Nov-12,-,-,-,1.01,-
4-Nov-12,-,-,-,0.99,-
3-Nov-12,-,-,-,0.98,-
2-Nov-12,-,-,-,0.98,-
1-Nov-12,-,-,-,0.96,-
31-Oct-12,-,-,-,0.95,-
30-Oct-12,-,-,-,0.94,-
29-Oct-12,-,-,-,0.95,-
28-Oct-12,-,-,-,0.97,-
27-Oct-12,-,-,-,0.98,-
26-Oct-12,-,-,-,0.98,-
25-Oct-12,-,-,-,0.99,-
24-Oct-12,-,-,-,0.99,-
23-Oct-12,-,-,-,1.00,-
22-Oct-12,-,-,-,1.02,-
21-Oct-12,-,-,-,1.04,-
20-Oct-12,-,-,-,1.03,-
19-Oct-12,-,-,-,1.04,-
18-Oct-12,-,-,-,1.05,-
17-Oct-12,-,-,-,1.05,-
16-Oct-12,-,-,-,1.06,-
15-Oct-12,-,-,-,1.06,-
14-Oct-12,-,-,-,1.04,-
13-Oct-12,-,-,-,1.05,-
12-Oct-12,-,-,-,1.05,-
11-Oct-12,-,-,-,1.05,-
10-Oct-12,-,-,-,1.07,-
9-Oct-12,-,-,-,1.07,-
8-Oct-12,-,-,-,1.09,-
7-Oct-12,-,-,-,1.12,-
6-Oct-12,-,-,-,1.13,-
5-Oct-12,-,-,-,1.15,-
4-Oct-12,-,-,-,1.16,-
3-Oct-12,-,-,-,1.17,-
2-Oct-12,-,-,-,1.17,-
1-Oct-12,-,-,-,1.19,-
30-Sep-12,-,-,-,1.16,-
29-Sep-12,-,-,-,1.14,-
28-Sep-12,-,-,-,1.12,-
27-Sep-12,-,-,-,1.09,-
26-Sep-12,-,-,-,1.08,-
25-Sep-12,-,-,-,1.05,-
24-Sep-12,-,-,-,1.01,-
23-Sep-12,-,-,-,1.02,-
22-Sep-12,-,-,-,1.02,-
21-Sep-12,-,-,-,1.04,-
20-Sep-12,-,-,-,1.06,-
19-Sep-12,-,-,-,1.06,-
18-Sep-12,-,-,-,1.06,-
17-Sep-12,-,-,-,1.06,-
16-Sep-12,-,-,-,1.06,-
15-Sep-12,-,-,-,1.05,-
14-Sep-12,-,-,-,1.04,-
13-Sep-12,-,-,-,1.03,-
12-Sep-12,-,-,-,1.04,-
11-Sep-12,-,-,-,1.06,-
10-Sep-12,-,-,-,1.07,-
9-Sep-12,-,-,-,1.02,-
8-Sep-12,-,-,-,1.02,-
7-Sep-12,-,-,-,1.03,-
6-Sep-12,-,-,-,1.04,-
5-Sep-12,-,-,-,1.03,-
4-Sep-12,-,-,-,1.01,-
3-Sep-12,-,-,-,1.01,-
2-Sep-12,-,-,-,1.05,-
1-Sep-12,-,-,-,1.05,-
31-Aug-12,-,-,-,1.04,-
30-Aug-12,-,-,-,1.02,-
29-Aug-12,-,-,-,1.03,-
28-Aug-12,-,-,-,1.03,-
27-Aug-12,-,-,-,1.04,-
26-Aug-12,-,-,-,1.05,-
25-Aug-12,-,-,-,1.06,-
24-Aug-12,-,-,-,1.06,-
23-Aug-12,-,-,-,1.06,-
22-Aug-12,-,-,-,1.07,-
21-Aug-12,-,-,-,1.09,-
20-Aug-12,-,-,-,1.09,-
19-Aug-12,-,-,-,1.09,-
18-Aug-12,-,-,-,1.09,-
17-Aug-12,-,-,-,1.09,-
16-Aug-12,-,-,-,1.10,-
15-Aug-12,-,-,-,1.08,-
14-Aug-12,-,-,-,1.07,-
13-Aug-12,-,-,-,1.07,-
12-Aug-12,-,-,-,1.08,-
11-Aug-12,-,-,-,1.08,-
10-Aug-12,-,-,-,1.08,-
9-Aug-12,-,-,-,1.09,-
8-Aug-12,-,-,-,1.09,-
7-Aug-12,-,-,-,1.11,-
6-Aug-12,-,-,-,1.12,-
5-Aug-12,-,-,-,1.13,-
4-Aug-12,-,-,-,1.13,-
3-Aug-12,-,-,-,1.13,-
2-Aug-12,-,-,-,1.12,-
1-Aug-12,-,-,-,1.13,-
31-Jul-12,-,-,-,1.11,-
30-Jul-12,-,-,-,1.11,-
29-Jul-12,-,-,-,1.10,-
28-Jul-12,-,-,-,1.11,-
27-Jul-12,-,-,-,1.11,-
26-Jul-12,-,-,-,1.11,-
25-Jul-12,-,-,-,1.10,-
24-Jul-12,-,-,-,1.10,-
23-Jul-12,-,-,-,1.11,-
22-Jul-12,-,-,-,1.11,-
21-Jul-12,-,-,-,1.12,-
20-Jul-12,-,-,-,1.14,-
19-Jul-12,-,-,-,1.16,-
18-Jul-12,-,-,-,1.17,-
17-Jul-12,-,-,-,1.18,-
16-Jul-12,-,-,-,1.18,-
15-Jul-12,-,-,-,1.17,-
14-Jul-12,-,-,-,1.17,-
13-Jul-12,-,-,-,1.16,-
12-Jul-12,-,-,-,1.16,-
11-Jul-12,-,-,-,1.17,-
10-Jul-12,-,-,-,1.11,-
9-Jul-12,-,-,-,1.11,-
8-Jul-12,-,-,-,1.11,-
7-Jul-12,-,-,-,1.11,-
6-Jul-12,-,-,-,1.10,-
5-Jul-12,-,-,-,1.09,-
4-Jul-12,-,-,-,1.07,-
3-Jul-12,-,-,-,1.11,-
2-Jul-12,-,-,-,1.11,-
1-Jul-12,-,-,-,1.10,-
30-Jun-12,-,-,-,1.09,-
29-Jun-12,-,-,-,1.09,-
28-Jun-12,-,-,-,1.09,-
27-Jun-12,-,-,-,1.10,-
26-Jun-12,-,-,-,1.11,-
25-Jun-12,-,-,-,1.11,-
24-Jun-12,-,-,-,1.11,-
23-Jun-12,-,-,-,1.10,-
22-Jun-12,-,-,-,1.10,-
21-Jun-12,-,-,-,1.11,-
20-Jun-12,-,-,-,1.11,-
19-Jun-12,-,-,-,1.11,-
18-Jun-12,-,-,-,1.11,-
17-Jun-12,-,-,-,1.11,-
16-Jun-12,-,-,-,1.11,-
15-Jun-12,-,-,-,1.11,-
14-Jun-12,-,-,-,1.10,-
13-Jun-12,-,-,-,1.10,-
12-Jun-12,-,-,-,1.10,-
11-Jun-12,-,-,-,1.10,-
10-Jun-12,-,-,-,1.10,-
9-Jun-12,-,-,-,1.11,-
8-Jun-12,-,-,-,1.12,-
7-Jun-12,-,-,-,1.13,-
6-Jun-12,-,-,-,1.15,-
5-Jun-12,-,-,-,1.15,-
4-Jun-12,-,-,-,1.14,-
3-Jun-12,-,-,-,1.08,-
2-Jun-12,-,-,-,1.07,-
1-Jun-12,-,-,-,1.05,-
31-May-12,-,-,-,1.03,-
30-May-12,-,-,-,1.00,-
29-May-12,-,-,-,0.99,-
28-May-12,-,-,-,0.99,-
27-May-12,-,-,-,1.03,-
26-May-12,-,-,-,1.03,-
25-May-12,-,-,-,1.03,-
24-May-12,-,-,-,1.03,-
23-May-12,-,-,-,1.03,-
22-May-12,-,-,-,1.04,-
21-May-12,-,-,-,1.06,-
20-May-12,-,-,-,1.07,-
19-May-12,-,-,-,1.07,-
18-May-12,-,-,-,1.08,-
17-May-12,-,-,-,1.08,-
16-May-12,-,-,-,1.08,-
15-May-12,-,-,-,1.07,-
14-May-12,-,-,-,1.06,-
13-May-12,-,-,-,1.05,-
12-May-12,-,-,-,1.06,-
11-May-12,-,-,-,1.05,-
10-May-12,-,-,-,1.05,-
9-May-12,-,-,-,1.05,-
8-May-12,-,-,-,1.05,-
7-May-12,-,-,-,1.06,-
6-May-12,-,-,-,1.07,-
5-May-12,-,-,-,1.07,-
4-May-12,-,-,-,1.08,-
3-May-12,-,-,-,1.07,-
2-May-12,-,-,-,1.06,-
1-May-12,-,-,-,1.05,-
30-Apr-12,-,-,-,1.04,-
29-Apr-12,-,-,-,1.03,-
28-Apr-12,-,-,-,1.02,-
27-Apr-12,-,-,-,1.01,-
26-Apr-12,-,-,-,1.02,-
25-Apr-12,-,-,-,1.03,-
24-Apr-12,-,-,-,1.03,-
23-Apr-12,-,-,-,1.03,-
22-Apr-12,-,-,-,1.05,-
21-Apr-12,-,-,-,1.06,-
20-Apr-12,-,-,-,1.07,-
19-Apr-12,-,-,-,1.08,-
18-Apr-12,-,-,-,1.09,-
17-Apr-12,-,-,-,1.11,-
16-Apr-12,-,-,-,1.11,-
15-Apr-12,-,-,-,1.11,-
14-Apr-12,-,-,-,1.09,-
13-Apr-12,-,-,-,1.08,-
12-Apr-12,-,-,-,1.06,-
11-Apr-12,-,-,-,1.06,-
10-Apr-12,-,-,-,1.06,-
9-Apr-12,-,-,-,1.05,-
8-Apr-12,-,-,-,1.05,-
7-Apr-12,-,-,-,1.07,-
6-Apr-12,-,-,-,1.07,-
5-Apr-12,-,-,-,1.08,-
4-Apr-12,-,-,-,1.07,-
3-Apr-12,-,-,-,1.06,-
2-Apr-12,-,-,-,1.07,-
1-Apr-12,-,-,-,1.06,-
31-Mar-12,-,-,-,1.05,-
30-Mar-12,-,-,-,1.05,-
29-Mar-12,-,-,-,1.04,-
28-Mar-12,-,-,-,1.04,-
27-Mar-12,-,-,-,1.04,-
26-Mar-12,-,-,-,1.04,-
25-Mar-12,-,-,-,1.04,-
24-Mar-12,-,-,-,1.04,-
23-Mar-12,-,-,-,1.04,-
22-Mar-12,-,-,-,1.05,-
21-Mar-12,-,-,-,1.06,-
20-Mar-12,-,-,-,1.07,-
19-Mar-12,-,-,-,1.07,-
18-Mar-12,-,-,-,1.07,-
17-Mar-12,-,-,-,1.08,-
16-Mar-12,-,-,-,1.09,-
15-Mar-12,-,-,-,1.09,-
14-Mar-12,-,-,-,1.09,-
13-Mar-12,-,-,-,1.09,-
12-Mar-12,-,-,-,1.10,-
11-Mar-12,-,-,-,1.10,-
10-Mar-12,-,-,-,1.10,-
9-Mar-12,-,-,-,1.10,-
8-Mar-12,-,-,-,1.09,-
7-Mar-12,-,-,-,1.11,-
6-Mar-12,-,-,-,1.12,-
5-Mar-12,-,-,-,1.10,-
4-Mar-12,-,-,-,1.10,-
3-Mar-12,-,-,-,1.09,-
2-Mar-12,-,-,-,1.09,-
1-Mar-12,-,-,-,1.09,-
29-Feb-12,-,-,-,1.07,-
28-Feb-12,-,-,-,1.06,-
27-Feb-12,-,-,-,1.06,-
26-Feb-12,-,-,-,1.05,-
25-Feb-12,-,-,-,1.05,-
24-Feb-12,-,-,-,1.06,-
23-Feb-12,-,-,-,1.07,-
22-Feb-12,-,-,-,1.08,-
21-Feb-12,-,-,-,1.09,-
20-Feb-12,-,-,-,1.09,-
19-Feb-12,-,-,-,1.10,-
18-Feb-12,-,-,-,1.09,-
17-Feb-12,-,-,-,1.10,-
16-Feb-12,-,-,-,1.11,-
15-Feb-12,-,-,-,1.11,-
14-Feb-12,-,-,-,1.10,-
13-Feb-12,-,-,-,1.11,-
12-Feb-12,-,-,-,1.12,-
11-Feb-12,-,-,-,1.12,-
10-Feb-12,-,-,-,1.14,-
9-Feb-12,-,-,-,1.14,-
8-Feb-12,-,-,-,1.14,-
7-Feb-12,-,-,-,1.15,-
6-Feb-12,-,-,-,1.17,-
5-Feb-12,-,-,-,1.18,-
4-Feb-12,-,-,-,1.18,-
3-Feb-12,-,-,-,1.16,-
2-Feb-12,-,-,-,1.15,-
1-Feb-12,-,-,-,1.13,-
31-Jan-12,-,-,-,1.11,-
30-Jan-12,-,-,-,1.09,-
29-Jan-12,-,-,-,1.06,-
28-Jan-12,-,-,-,1.05,-
27-Jan-12,-,-,-,1.05,-
26-Jan-12,-,-,-,1.04,-
25-Jan-12,-,-,-,1.04,-
24-Jan-12,-,-,-,1.04,-
23-Jan-12,-,-,-,1.05,-
22-Jan-12,-,-,-,1.04,-
21-Jan-12,-,-,-,1.04,-
20-Jan-12,-,-,-,1.05,-
19-Jan-12,-,-,-,1.06,-
18-Jan-12,-,-,-,1.07,-
17-Jan-12,-,-,-,1.06,-
16-Jan-12,-,-,-,1.06,-
15-Jan-12,-,-,-,1.07,-
14-Jan-12,-,-,-,1.07,-
13-Jan-12,-,-,-,1.07,-
12-Jan-12,-,-,-,1.06,-
11-Jan-12,-,-,-,1.06,-
10-Jan-12,-,-,-,1.07,-
9-Jan-12,-,-,-,1.07,-
8-Jan-12,-,-,-,1.05,-
7-Jan-12,-,-,-,1.03,-
6-Jan-12,-,-,-,1.03,-
5-Jan-12,-,-,-,1.03,-
4-Jan-12,-,-,-,1.01,-
3-Jan-12,-,-,-,1.00,-
2-Jan-12,-,-,-,0.99,-
1-Jan-12,-,-,-,0.97,-
31-Dec-11,-,-,-,0.94,-
30-Dec-11,-,-,-,0.92,-
29-Dec-11,-,-,-,0.90,-
28-Dec-11,-,-,-,0.89,-
27-Dec-11,-,-,-,0.88,-
26-Dec-11,-,-,-,0.88,-
25-Dec-11,-,-,-,0.90,-
24-Dec-11,-,-,-,0.93,-
23-Dec-11,-,-,-,0.94,-
22-Dec-11,-,-,-,0.95,-
21-Dec-11,-,-,-,0.96,-
20-Dec-11,-,-,-,0.96,-
19-Dec-11,-,-,-,0.96,-
18-Dec-11,-,-,-,0.96,-
17-Dec-11,-,-,-,0.96,-
16-Dec-11,-,-,-,0.96,-
15-Dec-11,-,-,-,0.95,-
14-Dec-11,-,-,-,0.93,-
13-Dec-11,-,-,-,0.93,-
12-Dec-11,-,-,-,0.93,-
11-Dec-11,-,-,-,0.94,-
10-Dec-11,-,-,-,0.94,-
9-Dec-11,-,-,-,0.94,-
8-Dec-11,-,-,-,0.95,-
7-Dec-11,-,-,-,0.97,-
6-Dec-11,-,-,-,0.98,-
5-Dec-11,-,-,-,0.99,-
4-Dec-11,-,-,-,1.00,-
3-Dec-11,-,-,-,1.00,-
2-Dec-11,-,-,-,0.99,-
1-Dec-11,-,-,-,0.96,-
30-Nov-11,-,-,-,0.90,-
29-Nov-11,-,-,-,0.88,-
28-Nov-11,-,-,-,0.87,-
27-Nov-11,-,-,-,0.85,-
26-Nov-11,-,-,-,0.85,-
25-Nov-11,-,-,-,0.85,-
24-Nov-11,-,-,-,0.88,-
23-Nov-11,-,-,-,0.94,-
22-Nov-11,-,-,-,0.95,-
21-Nov-11,-,-,-,0.98,-
20-Nov-11,-,-,-,0.99,-
19-Nov-11,-,-,-,0.99,-
18-Nov-11,-,-,-,1.00,-
17-Nov-11,-,-,-,0.98,-
16-Nov-11,-,-,-,0.98,-
15-Nov-11,-,-,-,0.97,-
14-Nov-11,-,-,-,0.96,-
13-Nov-11,-,-,-,0.95,-
12-Nov-11,-,-,-,0.96,-
11-Nov-11,-,-,-,0.96,-
10-Nov-11,-,-,-,0.98,-
9-Nov-11,-,-,-,0.99,-
8-Nov-11,-,-,-,1.01,-
7-Nov-11,-,-,-,1.03,-
6-Nov-11,-,-,-,1.04,-
5-Nov-11,-,-,-,1.04,-
4-Nov-11,-,-,-,1.04,-
3-Nov-11,-,-,-,1.03,-
2-Nov-11,-,-,-,1.02,-
1-Nov-11,-,-,-,1.01,-
31-Oct-11,-,-,-,1.02,-
30-Oct-11,-,-,-,1.03,-
29-Oct-11,-,-,-,1.03,-
28-Oct-11,-,-,-,1.02,-
27-Oct-11,-,-,-,1.01,-
26-Oct-11,-,-,-,1.00,-
25-Oct-11,-,-,-,0.99,-
24-Oct-11,-,-,-,0.97,-
23-Oct-11,-,-,-,0.95,-
22-Oct-11,-,-,-,0.96,-
21-Oct-11,-,-,-,0.97,-
20-Oct-11,-,-,-,0.98,-
19-Oct-11,-,-,-,0.99,-
18-Oct-11,-,-,-,1.00,-
17-Oct-11,-,-,-,0.99,-
16-Oct-11,-,-,-,0.99,-
15-Oct-11,-,-,-,0.99,-
14-Oct-11,-,-,-,1.00,-
13-Oct-11,-,-,-,1.01,-
12-Oct-11,-,-,-,1.03,-
11-Oct-11,-,-,-,1.04,-
10-Oct-11,-,-,-,1.05,-
9-Oct-11,-,-,-,1.06,-
8-Oct-11,-,-,-,1.05,-
7-Oct-11,-,-,-,1.06,-
6-Oct-11,-,-,-,1.06,-
5-Oct-11,-,-,-,1.04,-
4-Oct-11,-,-,-,1.03,-
3-Oct-11,-,-,-,1.02,-
2-Oct-11,-,-,-,1.02,-
1-Oct-11,-,-,-,1.02,-
30-Sep-11,-,-,-,1.01,-
29-Sep-11,-,-,-,1.00,-
28-Sep-11,-,-,-,1.01,-
27-Sep-11,-,-,-,1.01,-
26-Sep-11,-,-,-,1.01,-
25-Sep-11,-,-,-,1.00,-
24-Sep-11,-,-,-,0.99,-
23-Sep-11,-,-,-,0.99,-
22-Sep-11,-,-,-,0.99,-
21-Sep-11,-,-,-,0.98,-
20-Sep-11,-,-,-,0.98,-
19-Sep-11,-,-,-,0.98,-
18-Sep-11,-,-,-,0.99,-
17-Sep-11,-,-,-,0.99,-
16-Sep-11,-,-,-,0.99,-
15-Sep-11,-,-,-,0.98,-
14-Sep-11,-,-,-,0.97,-
13-Sep-11,-,-,-,0.98,-
12-Sep-11,-,-,-,0.98,-
11-Sep-11,-,-,-,0.94,-
10-Sep-11,-,-,-,0.94,-
9-Sep-11,-,-,-,0.95,-
8-Sep-11,-,-,-,0.95,-
7-Sep-11,-,-,-,0.95,-
6-Sep-11,-,-,-,0.95,-
5-Sep-11,-,-,-,0.95,-
4-Sep-11,-,-,-,0.99,-
3-Sep-11,-,-,-,0.98,-
2-Sep-11,-,-,-,0.98,-
1-Sep-11,-,-,-,0.96,-
31-Aug-11,-,-,-,0.95,-
30-Aug-11,-,-,-,0.94,-
29-Aug-11,-,-,-,0.94,-
28-Aug-11,-,-,-,0.95,-
27-Aug-11,-,-,-,0.97,-
26-Aug-11,-,-,-,1.00,-
25-Aug-11,-,-,-,1.02,-
24-Aug-11,-,-,-,1.05,-
23-Aug-11,-,-,-,1.07,-
22-Aug-11,-,-,-,1.09,-
21-Aug-11,-,-,-,1.11,-
20-Aug-11,-,-,-,1.10,-
19-Aug-11,-,-,-,1.11,-
18-Aug-11,-,-,-,1.11,-
17-Aug-11,-,-,-,1.11,-
16-Aug-11,-,-,-,1.13,-
15-Aug-11,-,-,-,1.14,-
14-Aug-11,-,-,-,1.14,-
13-Aug-11,-,-,-,1.14,-
12-Aug-11,-,-,-,1.13,-
11-Aug-11,-,-,-,1.12,-
10-Aug-11,-,-,-,1.10,-
9-Aug-11,-,-,-,1.08,-
8-Aug-11,-,-,-,1.06,-
7-Aug-11,-,-,-,1.04,-
6-Aug-11,-,-,-,1.03,-
5-Aug-11,-,-,-,1.02,-
4-Aug-11,-,-,-,1.01,-
3-Aug-11,-,-,-,0.99,-
2-Aug-11,-,-,-,0.97,-
1-Aug-11,-,-,-,0.95,-
31-Jul-11,-,-,-,0.94,-
30-Jul-11,-,-,-,0.93,-
29-Jul-11,-,-,-,0.92,-
28-Jul-11,-,-,-,0.91,-
27-Jul-11,-,-,-,0.92,-
26-Jul-11,-,-,-,0.92,-
25-Jul-11,-,-,-,0.92,-
24-Jul-11,-,-,-,0.92,-
23-Jul-11,-,-,-,0.93,-
22-Jul-11,-,-,-,0.93,-
21-Jul-11,-,-,-,0.95,-
20-Jul-11,-,-,-,0.94,-
19-Jul-11,-,-,-,0.94,-
18-Jul-11,-,-,-,0.95,-
17-Jul-11,-,-,-,0.95,-
16-Jul-11,-,-,-,0.96,-
15-Jul-11,-,-,-,0.96,-
14-Jul-11,-,-,-,0.94,-
13-Jul-11,-,-,-,0.94,-
12-Jul-11,-,-,-,0.95,-
11-Jul-11,-,-,-,0.94,-
10-Jul-11,-,-,-,0.90,-
9-Jul-11,-,-,-,0.88,-
8-Jul-11,-,-,-,0.88,-
7-Jul-11,-,-,-,0.89,-
6-Jul-11,-,-,-,0.89,-
5-Jul-11,-,-,-,0.87,-
4-Jul-11,-,-,-,0.87,-
3-Jul-11,-,-,-,0.91,-
2-Jul-11,-,-,-,0.91,-
1-Jul-11,-,-,-,0.91,-
30-Jun-11,-,-,-,0.89,-
29-Jun-11,-,-,-,0.87,-
28-Jun-11,-,-,-,0.87,-
27-Jun-11,-,-,-,0.87,-
26-Jun-11,-,-,-,0.87,-
25-Jun-11,-,-,-,0.86,-
24-Jun-11,-,-,-,0.86,-
23-Jun-11,-,-,-,0.87,-
22-Jun-11,-,-,-,0.88,-
21-Jun-11,-,-,-,0.90,-
20-Jun-11,-,-,-,0.91,-
19-Jun-11,-,-,-,0.91,-
18-Jun-11,-,-,-,0.92,-
17-Jun-11,-,-,-,0.92,-
16-Jun-11,-,-,-,0.92,-
15-Jun-11,-,-,-,0.91,-
14-Jun-11,-,-,-,0.89,-
13-Jun-11,-,-,-,0.90,-
12-Jun-11,-,-,-,0.90,-
11-Jun-11,-,-,-,0.90,-
10-Jun-11,-,-,-,0.90,-
9-Jun-11,-,-,-,0.91,-
8-Jun-11,-,-,-,0.92,-
7-Jun-11,-,-,-,0.93,-
6-Jun-11,-,-,-,0.94,-
5-Jun-11,-,-,-,0.89,-
4-Jun-11,-,-,-,0.88,-
3-Jun-11,-,-,-,0.87,-
2-Jun-11,-,-,-,0.86,-
1-Jun-11,-,-,-,0.84,-
31-May-11,-,-,-,0.81,-
30-May-11,-,-,-,0.79,-
29-May-11,-,-,-,0.83,-
28-May-11,-,-,-,0.83,-
27-May-11,-,-,-,0.83,-
26-May-11,-,-,-,0.82,-
25-May-11,-,-,-,0.83,-
24-May-11,-,-,-,0.83,-
23-May-11,-,-,-,0.83,-
22-May-11,-,-,-,0.84,-
21-May-11,-,-,-,0.84,-
20-May-11,-,-,-,0.85,-
19-May-11,-,-,-,0.86,-
18-May-11,-,-,-,0.86,-
17-May-11,-,-,-,0.87,-
16-May-11,-,-,-,0.87,-
15-May-11,-,-,-,0.87,-
14-May-11,-,-,-,0.86,-
13-May-11,-,-,-,0.85,-
12-May-11,-,-,-,0.84,-
11-May-11,-,-,-,0.84,-
10-May-11,-,-,-,0.84,-
9-May-11,-,-,-,0.84,-
8-May-11,-,-,-,0.83,-
7-May-11,-,-,-,0.84,-
6-May-11,-,-,-,0.84,-
5-May-11,-,-,-,0.84,-
4-May-11,-,-,-,0.84,-
3-May-11,-,-,-,0.84,-
2-May-11,-,-,-,0.84,-
1-May-11,-,-,-,0.84,-
30-Apr-11,-,-,-,0.82,-
29-Apr-11,-,-,-,0.81,-
28-Apr-11,-,-,-,0.80,-
27-Apr-11,-,-,-,0.80,-
26-Apr-11,-,-,-,0.79,-
25-Apr-11,-,-,-,0.79,-
24-Apr-11,-,-,-,0.80,-
23-Apr-11,-,-,-,0.82,-
22-Apr-11,-,-,-,0.84,-
21-Apr-11,-,-,-,0.87,-
20-Apr-11,-,-,-,0.88,-
19-Apr-11,-,-,-,0.89,-
18-Apr-11,-,-,-,0.90,-
17-Apr-11,-,-,-,0.90,-
16-Apr-11,-,-,-,0.89,-
15-Apr-11,-,-,-,0.89,-
14-Apr-11,-,-,-,0.87,-
13-Apr-11,-,-,-,0.86,-
12-Apr-11,-,-,-,0.86,-
11-Apr-11,-,-,-,0.87,-
10-Apr-11,-,-,-,0.87,-
9-Apr-11,-,-,-,0.87,-
8-Apr-11,-,-,-,0.87,-
7-Apr-11,-,-,-,0.88,-
6-Apr-11,-,-,-,0.89,-
5-Apr-11,-,-,-,0.89,-
4-Apr-11,-,-,-,0.88,-
3-Apr-11,-,-,-,0.87,-
2-Apr-11,-,-,-,0.87,-
1-Apr-11,-,-,-,0.86,-
31-Mar-11,-,-,-,0.85,-
30-Mar-11,-,-,-,0.84,-
29-Mar-11,-,-,-,0.84,-
28-Mar-11,-,-,-,0.84,-
27-Mar-11,-,-,-,0.84,-
26-Mar-11,-,-,-,0.84,-
25-Mar-11,-,-,-,0.85,-
24-Mar-11,-,-,-,0.85,-
23-Mar-11,-,-,-,0.85,-
22-Mar-11,-,-,-,0.86,-
21-Mar-11,-,-,-,0.87,-
20-Mar-11,-,-,-,0.87,-
19-Mar-11,-,-,-,0.86,-
18-Mar-11,-,-,-,0.86,-
17-Mar-11,-,-,-,0.86,-
16-Mar-11,-,-,-,0.86,-
15-Mar-11,-,-,-,0.85,-
14-Mar-11,-,-,-,0.84,-
13-Mar-11,-,-,-,0.84,-
12-Mar-11,-,-,-,0.85,-
11-Mar-11,-,-,-,0.86,-
10-Mar-11,-,-,-,0.87,-
9-Mar-11,-,-,-,0.88,-
8-Mar-11,-,-,-,0.88,-
7-Mar-11,-,-,-,0.89,-
6-Mar-11,-,-,-,0.90,-
5-Mar-11,-,-,-,0.90,-
4-Mar-11,-,-,-,0.90,-
3-Mar-11,-,-,-,0.90,-
2-Mar-11,-,-,-,0.89,-
1-Mar-11,-,-,-,0.89,-
28-Feb-11,-,-,-,0.87,-
27-Feb-11,-,-,-,0.85,-
26-Feb-11,-,-,-,0.85,-
25-Feb-11,-,-,-,0.85,-
24-Feb-11,-,-,-,0.85,-
23-Feb-11,-,-,-,0.85,-
22-Feb-11,-,-,-,0.86,-
21-Feb-11,-,-,-,0.87,-
20-Feb-11,-,-,-,0.88,-
19-Feb-11,-,-,-,0.88,-
18-Feb-11,-,-,-,0.89,-
17-Feb-11,-,-,-,0.89,-
16-Feb-11,-,-,-,0.89,-
15-Feb-11,-,-,-,0.88,-
14-Feb-11,-,-,-,0.88,-
13-Feb-11,-,-,-,0.88,-
12-Feb-11,-,-,-,0.88,-
11-Feb-11,-,-,-,0.87,-
10-Feb-11,-,-,-,0.86,-
9-Feb-11,-,-,-,0.86,-
8-Feb-11,-,-,-,0.86,-
7-Feb-11,-,-,-,0.86,-
6-Feb-11,-,-,-,0.87,-
5-Feb-11,-,-,-,0.88,-
4-Feb-11,-,-,-,0.88,-
3-Feb-11,-,-,-,0.88,-
2-Feb-11,-,-,-,0.89,-
1-Feb-11,-,-,-,0.89,-
31-Jan-11,-,-,-,0.90,-
30-Jan-11,-,-,-,0.89,-
29-Jan-11,-,-,-,0.89,-
28-Jan-11,-,-,-,0.89,-
27-Jan-11,-,-,-,0.88,-
26-Jan-11,-,-,-,0.88,-
25-Jan-11,-,-,-,0.88,-
24-Jan-11,-,-,-,0.87,-
23-Jan-11,-,-,-,0.86,-
22-Jan-11,-,-,-,0.86,-
21-Jan-11,-,-,-,0.87,-
20-Jan-11,-,-,-,0.88,-
19-Jan-11,-,-,-,0.88,-
18-Jan-11,-,-,-,0.86,-
17-Jan-11,-,-,-,0.86,-
16-Jan-11,-,-,-,0.87,-
15-Jan-11,-,-,-,0.86,-
14-Jan-11,-,-,-,0.84,-
13-Jan-11,-,-,-,0.83,-
12-Jan-11,-,-,-,0.83,-
11-Jan-11,-,-,-,0.85,-
10-Jan-11,-,-,-,0.86,-
9-Jan-11,-,-,-,0.88,-
8-Jan-11,-,-,-,0.88,-
7-Jan-11,-,-,-,0.86,-
6-Jan-11,-,-,-,0.84,-
5-Jan-11,-,-,-,0.82,-
4-Jan-11,-,-,-,0.80,-
3-Jan-11,-,-,-,0.78,-
2-Jan-11,-,-,-,0.75,-
1-Jan-11,-,-,-,0.72,-
31-Dec-10,-,-,-,0.68,-
30-Dec-10,-,-,-,0.65,-
29-Dec-10,-,-,-,0.64,-
28-Dec-10,-,-,-,0.63,-
27-Dec-10,-,-,-,0.61,-
26-Dec-10,-,-,-,0.61,-
25-Dec-10,-,-,-,0.62,-
24-Dec-10,-,-,-,0.65,-
23-Dec-10,-,-,-,0.68,-
22-Dec-10,-,-,-,0.69,-
21-Dec-10,-,-,-,0.70,-
20-Dec-10,-,-,-,0.71,-
19-Dec-10,-,-,-,0.71,-
18-Dec-10,-,-,-,0.71,-
17-Dec-10,-,-,-,0.71,-
16-Dec-10,-,-,-,0.71,-
15-Dec-10,-,-,-,0.71,-
14-Dec-10,-,-,-,0.71,-
13-Dec-10,-,-,-,0.71,-
12-Dec-10,-,-,-,0.71,-
11-Dec-10,-,-,-,0.72,-
10-Dec-10,-,-,-,0.71,-
9-Dec-10,-,-,-,0.71,-
8-Dec-10,-,-,-,0.71,-
7-Dec-10,-,-,-,0.72,-
6-Dec-10,-,-,-,0.74,-
5-Dec-10,-,-,-,0.75,-
4-Dec-10,-,-,-,0.76,-
3-Dec-10,-,-,-,0.76,-
2-Dec-10,-,-,-,0.74,-
1-Dec-10,-,-,-,0.69,-
30-Nov-10,-,-,-,0.67,-
29-Nov-10,-,-,-,0.66,-
28-Nov-10,-,-,-,0.65,-
27-Nov-10,-,-,-,0.64,-
26-Nov-10,-,-,-,0.65,-
25-Nov-10,-,-,-,0.67,-
24-Nov-10,-,-,-,0.72,-
23-Nov-10,-,-,-,0.73,-
22-Nov-10,-,-,-,0.74,-
21-Nov-10,-,-,-,0.77,-
20-Nov-10,-,-,-,0.78,-
19-Nov-10,-,-,-,0.79,-
18-Nov-10,-,-,-,0.79,-
17-Nov-10,-,-,-,0.80,-
16-Nov-10,-,-,-,0.79,-
15-Nov-10,-,-,-,0.80,-
14-Nov-10,-,-,-,0.79,-
13-Nov-10,-,-,-,0.78,-
12-Nov-10,-,-,-,0.79,-
11-Nov-10,-,-,-,0.79,-
10-Nov-10,-,-,-,0.81,-
9-Nov-10,-,-,-,0.81,-
8-Nov-10,-,-,-,0.80,-
7-Nov-10,-,-,-,0.81,-
6-Nov-10,-,-,-,0.81,-
5-Nov-10,-,-,-,0.80,-
4-Nov-10,-,-,-,0.80,-
3-Nov-10,-,-,-,0.80,-
2-Nov-10,-,-,-,0.79,-
1-Nov-10,-,-,-,0.80,-
31-Oct-10,-,-,-,0.79,-
30-Oct-10,-,-,-,0.79,-
29-Oct-10,-,-,-,0.79,-
28-Oct-10,-,-,-,0.78,-
27-Oct-10,-,-,-,0.78,-
26-Oct-10,-,-,-,0.78,-
25-Oct-10,-,-,-,0.79,-
24-Oct-10,-,-,-,0.80,-
23-Oct-10,-,-,-,0.80,-
22-Oct-10,-,-,-,0.82,-
21-Oct-10,-,-,-,0.85,-
20-Oct-10,-,-,-,0.88,-
19-Oct-10,-,-,-,0.89,-
18-Oct-10,-,-,-,0.88,-
17-Oct-10,-,-,-,0.87,-
16-Oct-10,-,-,-,0.87,-
15-Oct-10,-,-,-,0.86,-
14-Oct-10,-,-,-,0.84,-
13-Oct-10,-,-,-,0.84,-
12-Oct-10,-,-,-,0.83,-
11-Oct-10,-,-,-,0.83,-
10-Oct-10,-,-,-,0.84,-
9-Oct-10,-,-,-,0.84,-
8-Oct-10,-,-,-,0.84,-
7-Oct-10,-,-,-,0.84,-
6-Oct-10,-,-,-,0.83,-
5-Oct-10,-,-,-,0.83,-
4-Oct-10,-,-,-,0.82,-
3-Oct-10,-,-,-,0.81,-
2-Oct-10,-,-,-,0.81,-
1-Oct-10,-,-,-,0.80,-
30-Sep-10,-,-,-,0.78,-
29-Sep-10,-,-,-,0.77,-
28-Sep-10,-,-,-,0.77,-
27-Sep-10,-,-,-,0.77,-
26-Sep-10,-,-,-,0.78,-
25-Sep-10,-,-,-,0.78,-
24-Sep-10,-,-,-,0.78,-
23-Sep-10,-,-,-,0.78,-
22-Sep-10,-,-,-,0.79,-
21-Sep-10,-,-,-,0.80,-
20-Sep-10,-,-,-,0.81,-
19-Sep-10,-,-,-,0.80,-
18-Sep-10,-,-,-,0.80,-
17-Sep-10,-,-,-,0.80,-
16-Sep-10,-,-,-,0.80,-
15-Sep-10,-,-,-,0.80,-
14-Sep-10,-,-,-,0.79,-
13-Sep-10,-,-,-,0.79,-
12-Sep-10,-,-,-,0.75,-
11-Sep-10,-,-,-,0.76,-
10-Sep-10,-,-,-,0.75,-
9-Sep-10,-,-,-,0.75,-
8-Sep-10,-,-,-,0.76,-
7-Sep-10,-,-,-,0.76,-
6-Sep-10,-,-,-,0.77,-
5-Sep-10,-,-,-,0.83,-
4-Sep-10,-,-,-,0.84,-
3-Sep-10,-,-,-,0.86,-
2-Sep-10,-,-,-,0.86,-
1-Sep-10,-,-,-,0.87,-
31-Aug-10,-,-,-,0.87,-
30-Aug-10,-,-,-,0.87,-
29-Aug-10,-,-,-,0.87,-
28-Aug-10,-,-,-,0.87,-
27-Aug-10,-,-,-,0.86,-
26-Aug-10,-,-,-,0.86,-
25-Aug-10,-,-,-,0.87,-
24-Aug-10,-,-,-,0.86,-
23-Aug-10,-,-,-,0.87,-
22-Aug-10,-,-,-,0.88,-
21-Aug-10,-,-,-,0.88,-
20-Aug-10,-,-,-,0.88,-
19-Aug-10,-,-,-,0.89,-
18-Aug-10,-,-,-,0.90,-
17-Aug-10,-,-,-,0.91,-
16-Aug-10,-,-,-,0.90,-
15-Aug-10,-,-,-,0.89,-
14-Aug-10,-,-,-,0.88,-
13-Aug-10,-,-,-,0.87,-
12-Aug-10,-,-,-,0.87,-
11-Aug-10,-,-,-,0.86,-
10-Aug-10,-,-,-,0.84,-
9-Aug-10,-,-,-,0.83,-
8-Aug-10,-,-,-,0.84,-
7-Aug-10,-,-,-,0.85,-
6-Aug-10,-,-,-,0.85,-
5-Aug-10,-,-,-,0.85,-
4-Aug-10,-,-,-,0.84,-
3-Aug-10,-,-,-,0.83,-
2-Aug-10,-,-,-,0.82,-
1-Aug-10,-,-,-,0.82,-
31-Jul-10,-,-,-,0.81,-
30-Jul-10,-,-,-,0.80,-
29-Jul-10,-,-,-,0.80,-
28-Jul-10,-,-,-,0.80,-
27-Jul-10,-,-,-,0.80,-
26-Jul-10,-,-,-,0.80,-
25-Jul-10,-,-,-,0.80,-
24-Jul-10,-,-,-,0.80,-
23-Jul-10,-,-,-,0.81,-
22-Jul-10,-,-,-,0.81,-
21-Jul-10,-,-,-,0.83,-
20-Jul-10,-,-,-,0.83,-
19-Jul-10,-,-,-,0.84,-
18-Jul-10,-,-,-,0.84,-
17-Jul-10,-,-,-,0.84,-
16-Jul-10,-,-,-,0.84,-
15-Jul-10,-,-,-,0.84,-
14-Jul-10,-,-,-,0.84,-
13-Jul-10,-,-,-,0.84,-
12-Jul-10,-,-,-,0.85,-
11-Jul-10,-,-,-,0.81,-
10-Jul-10,-,-,-,0.80,-
9-Jul-10,-,-,-,0.79,-
8-Jul-10,-,-,-,0.78,-
7-Jul-10,-,-,-,0.78,-
6-Jul-10,-,-,-,0.79,-
5-Jul-10,-,-,-,0.79,-
4-Jul-10,-,-,-,0.83,-
3-Jul-10,-,-,-,0.84,-
2-Jul-10,-,-,-,0.85,-
1-Jul-10,-,-,-,0.85,-
30-Jun-10,-,-,-,0.85,-
29-Jun-10,-,-,-,0.83,-
28-Jun-10,-,-,-,0.82,-
27-Jun-10,-,-,-,0.81,-
26-Jun-10,-,-,-,0.80,-
25-Jun-10,-,-,-,0.80,-
24-Jun-10,-,-,-,0.77,-
23-Jun-10,-,-,-,0.75,-
22-Jun-10,-,-,-,0.74,-
21-Jun-10,-,-,-,0.75,-
20-Jun-10,-,-,-,0.74,-
19-Jun-10,-,-,-,0.74,-
18-Jun-10,-,-,-,0.74,-
17-Jun-10,-,-,-,0.75,-
16-Jun-10,-,-,-,0.76,-
15-Jun-10,-,-,-,0.76,-
14-Jun-10,-,-,-,0.76,-
13-Jun-10,-,-,-,0.76,-
12-Jun-10,-,-,-,0.77,-
11-Jun-10,-,-,-,0.76,-
10-Jun-10,-,-,-,0.76,-
9-Jun-10,-,-,-,0.76,-
8-Jun-10,-,-,-,0.76,-
7-Jun-10,-,-,-,0.77,-
6-Jun-10,-,-,-,0.73,-
5-Jun-10,-,-,-,0.72,-
4-Jun-10,-,-,-,0.72,-
3-Jun-10,-,-,-,0.72,-
2-Jun-10,-,-,-,0.71,-
1-Jun-10,-,-,-,0.72,-
31-May-10,-,-,-,0.73,-
30-May-10,-,-,-,0.78,-
29-May-10,-,-,-,0.78,-
28-May-10,-,-,-,0.79,-
27-May-10,-,-,-,0.79,-
26-May-10,-,-,-,0.78,-
25-May-10,-,-,-,0.78,-
24-May-10,-,-,-,0.77,-
23-May-10,-,-,-,0.76,-
22-May-10,-,-,-,0.76,-
21-May-10,-,-,-,0.76,-
20-May-10,-,-,-,0.77,-
19-May-10,-,-,-,0.78,-
18-May-10,-,-,-,0.77,-
17-May-10,-,-,-,0.76,-
16-May-10,-,-,-,0.76,-
15-May-10,-,-,-,0.75,-
14-May-10,-,-,-,0.74,-
13-May-10,-,-,-,0.73,-
12-May-10,-,-,-,0.71,-
11-May-10,-,-,-,0.71,-
10-May-10,-,-,-,0.72,-
9-May-10,-,-,-,0.72,-
8-May-10,-,-,-,0.72,-
7-May-10,-,-,-,0.72,-
6-May-10,-,-,-,0.73,-
5-May-10,-,-,-,0.73,-
4-May-10,-,-,-,0.73,-
3-May-10,-,-,-,0.73,-
2-May-10,-,-,-,0.73,-
1-May-10,-,-,-,0.73,-
30-Apr-10,-,-,-,0.73,-
29-Apr-10,-,-,-,0.72,-
28-Apr-10,-,-,-,0.72,-
27-Apr-10,-,-,-,0.73,-
26-Apr-10,-,-,-,0.72,-
25-Apr-10,-,-,-,0.72,-
24-Apr-10,-,-,-,0.73,-
23-Apr-10,-,-,-,0.72,-
22-Apr-10,-,-,-,0.74,-
21-Apr-10,-,-,-,0.75,-
20-Apr-10,-,-,-,0.76,-
19-Apr-10,-,-,-,0.77,-
18-Apr-10,-,-,-,0.77,-
17-Apr-10,-,-,-,0.78,-
16-Apr-10,-,-,-,0.79,-
15-Apr-10,-,-,-,0.79,-
14-Apr-10,-,-,-,0.78,-
13-Apr-10,-,-,-,0.78,-
12-Apr-10,-,-,-,0.79,-
11-Apr-10,-,-,-,0.79,-
10-Apr-10,-,-,-,0.78,-
9-Apr-10,-,-,-,0.78,-
8-Apr-10,-,-,-,0.77,-
7-Apr-10,-,-,-,0.78,-
6-Apr-10,-,-,-,0.79,-
5-Apr-10,-,-,-,0.79,-
4-Apr-10,-,-,-,0.79,-
3-Apr-10,-,-,-,0.79,-
2-Apr-10,-,-,-,0.81,-
1-Apr-10,-,-,-,0.82,-
31-Mar-10,-,-,-,0.82,-
30-Mar-10,-,-,-,0.81,-
29-Mar-10,-,-,-,0.80,-
28-Mar-10,-,-,-,0.80,-
27-Mar-10,-,-,-,0.79,-
26-Mar-10,-,-,-,0.78,-
25-Mar-10,-,-,-,0.77,-
24-Mar-10,-,-,-,0.76,-
23-Mar-10,-,-,-,0.75,-
22-Mar-10,-,-,-,0.77,-
21-Mar-10,-,-,-,0.77,-
20-Mar-10,-,-,-,0.78,-
19-Mar-10,-,-,-,0.78,-
18-Mar-10,-,-,-,0.79,-
17-Mar-10,-,-,-,0.79,-
16-Mar-10,-,-,-,0.80,-
15-Mar-10,-,-,-,0.79,-
14-Mar-10,-,-,-,0.79,-
13-Mar-10,-,-,-,0.79,-
12-Mar-10,-,-,-,0.79,-
11-Mar-10,-,-,-,0.80,-
10-Mar-10,-,-,-,0.81,-
9-Mar-10,-,-,-,0.81,-
8-Mar-10,-,-,-,0.81,-
7-Mar-10,-,-,-,0.80,-
6-Mar-10,-,-,-,0.81,-
5-Mar-10,-,-,-,0.81,-
4-Mar-10,-,-,-,0.80,-
3-Mar-10,-,-,-,0.79,-
2-Mar-10,-,-,-,0.79,-
1-Mar-10,-,-,-,0.79,-
28-Feb-10,-,-,-,0.79,-
27-Feb-10,-,-,-,0.79,-
26-Feb-10,-,-,-,0.79,-
25-Feb-10,-,-,-,0.80,-
24-Feb-10,-,-,-,0.80,-
23-Feb-10,-,-,-,0.81,-
22-Feb-10,-,-,-,0.82,-
21-Feb-10,-,-,-,0.81,-
20-Feb-10,-,-,-,0.80,-
19-Feb-10,-,-,-,0.80,-
18-Feb-10,-,-,-,0.79,-
17-Feb-10,-,-,-,0.78,-
16-Feb-10,-,-,-,0.77,-
15-Feb-10,-,-,-,0.75,-
14-Feb-10,-,-,-,0.76,-
13-Feb-10,-,-,-,0.76,-
12-Feb-10,-,-,-,0.77,-
11-Feb-10,-,-,-,0.77,-
10-Feb-10,-,-,-,0.78,-
9-Feb-10,-,-,-,0.79,-
8-Feb-10,-,-,-,0.81,-
7-Feb-10,-,-,-,0.82,-
6-Feb-10,-,-,-,0.83,-
5-Feb-10,-,-,-,0.84,-
4-Feb-10,-,-,-,0.85,-
3-Feb-10,-,-,-,0.85,-
2-Feb-10,-,-,-,0.84,-
1-Feb-10,-,-,-,0.84,-
31-Jan-10,-,-,-,0.83,-
30-Jan-10,-,-,-,0.83,-
29-Jan-10,-,-,-,0.83,-
28-Jan-10,-,-,-,0.82,-
27-Jan-10,-,-,-,0.82,-
26-Jan-10,-,-,-,0.82,-
25-Jan-10,-,-,-,0.82,-
24-Jan-10,-,-,-,0.79,-
23-Jan-10,-,-,-,0.79,-
22-Jan-10,-,-,-,0.79,-
21-Jan-10,-,-,-,0.80,-
20-Jan-10,-,-,-,0.80,-
19-Jan-10,-,-,-,0.80,-
18-Jan-10,-,-,-,0.80,-
17-Jan-10,-,-,-,0.83,-
16-Jan-10,-,-,-,0.83,-
15-Jan-10,-,-,-,0.83,-
14-Jan-10,-,-,-,0.81,-
13-Jan-10,-,-,-,0.80,-
12-Jan-10,-,-,-,0.80,-
11-Jan-10,-,-,-,0.80,-
10-Jan-10,-,-,-,0.80,-
9-Jan-10,-,-,-,0.80,-
8-Jan-10,-,-,-,0.80,-
7-Jan-10,-,-,-,0.76,-
6-Jan-10,-,-,-,0.76,-
5-Jan-10,-,-,-,0.75,-
4-Jan-10,-,-,-,0.74,-
3-Jan-10,-,-,-,0.73,-
2-Jan-10,-,-,-,0.72,-
1-Jan-10,-,-,-,0.69,-
31-Dec-09,-,-,-,0.66,-
30-Dec-09,-,-,-,0.62,-
29-Dec-09,-,-,-,0.60,-
28-Dec-09,-,-,-,0.59,-
27-Dec-09,-,-,-,0.57,-
26-Dec-09,-,-,-,0.55,-
25-Dec-09,-,-,-,0.56,-
24-Dec-09,-,-,-,0.61,-
23-Dec-09,-,-,-,0.64,-
22-Dec-09,-,-,-,0.65,-
21-Dec-09,-,-,-,0.67,-
20-Dec-09,-,-,-,0.69,-
19-Dec-09,-,-,-,0.70,-
18-Dec-09,-,-,-,0.71,-
17-Dec-09,-,-,-,0.72,-
16-Dec-09,-,-,-,0.72,-
15-Dec-09,-,-,-,0.71,-
14-Dec-09,-,-,-,0.70,-
13-Dec-09,-,-,-,0.70,-
12-Dec-09,-,-,-,0.70,-
11-Dec-09,-,-,-,0.71,-
10-Dec-09,-,-,-,0.72,-
9-Dec-09,-,-,-,0.73,-
8-Dec-09,-,-,-,0.74,-
7-Dec-09,-,-,-,0.76,-
6-Dec-09,-,-,-,0.79,-
5-Dec-09,-,-,-,0.79,-
4-Dec-09,-,-,-,0.79,-
3-Dec-09,-,-,-,0.76,-
2-Dec-09,-,-,-,0.72,-
1-Dec-09,-,-,-,0.71,-
30-Nov-09,-,-,-,0.69,-
29-Nov-09,-,-,-,0.67,-
28-Nov-09,-,-,-,0.66,-
27-Nov-09,-,-,-,0.67,-
26-Nov-09,-,-,-,0.68,-
25-Nov-09,-,-,-,0.72,-
24-Nov-09,-,-,-,0.72,-
23-Nov-09,-,-,-,0.73,-
22-Nov-09,-,-,-,0.74,-
21-Nov-09,-,-,-,0.75,-
20-Nov-09,-,-,-,0.76,-
19-Nov-09,-,-,-,0.77,-
18-Nov-09,-,-,-,0.77,-
17-Nov-09,-,-,-,0.77,-
16-Nov-09,-,-,-,0.78,-
15-Nov-09,-,-,-,0.77,-
14-Nov-09,-,-,-,0.76,-
13-Nov-09,-,-,-,0.76,-
12-Nov-09,-,-,-,0.76,-
11-Nov-09,-,-,-,0.76,-
10-Nov-09,-,-,-,0.77,-
9-Nov-09,-,-,-,0.77,-
8-Nov-09,-,-,-,0.79,-
7-Nov-09,-,-,-,0.79,-
6-Nov-09,-,-,-,0.79,-
5-Nov-09,-,-,-,0.79,-
4-Nov-09,-,-,-,0.79,-
3-Nov-09,-,-,-,0.79,-
2-Nov-09,-,-,-,0.78,-
1-Nov-09,-,-,-,0.78,-
31-Oct-09,-,-,-,0.77,-
30-Oct-09,-,-,-,0.77,-
29-Oct-09,-,-,-,0.77,-
28-Oct-09,-,-,-,0.77,-
27-Oct-09,-,-,-,0.77,-
26-Oct-09,-,-,-,0.77,-
25-Oct-09,-,-,-,0.78,-
24-Oct-09,-,-,-,0.77,-
23-Oct-09,-,-,-,0.77,-
22-Oct-09,-,-,-,0.78,-
21-Oct-09,-,-,-,0.81,-
20-Oct-09,-,-,-,0.83,-
19-Oct-09,-,-,-,0.84,-
18-Oct-09,-,-,-,0.82,-
17-Oct-09,-,-,-,0.84,-
16-Oct-09,-,-,-,0.85,-
15-Oct-09,-,-,-,0.84,-
14-Oct-09,-,-,-,0.83,-
13-Oct-09,-,-,-,0.83,-
12-Oct-09,-,-,-,0.83,-
11-Oct-09,-,-,-,0.85,-
10-Oct-09,-,-,-,0.86,-
9-Oct-09,-,-,-,0.86,-
8-Oct-09,-,-,-,0.86,-
7-Oct-09,-,-,-,0.86,-
6-Oct-09,-,-,-,0.86,-
5-Oct-09,-,-,-,0.86,-
4-Oct-09,-,-,-,0.86,-
3-Oct-09,-,-,-,0.85,-
2-Oct-09,-,-,-,0.83,-
1-Oct-09,-,-,-,0.83,-
30-Sep-09,-,-,-,0.81,-
29-Sep-09,-,-,-,0.80,-
28-Sep-09,-,-,-,0.79,-
27-Sep-09,-,-,-,0.79,-
26-Sep-09,-,-,-,0.79,-
25-Sep-09,-,-,-,0.79,-
24-Sep-09,-,-,-,0.80,-
23-Sep-09,-,-,-,0.80,-
22-Sep-09,-,-,-,0.81,-
21-Sep-09,-,-,-,0.82,-
20-Sep-09,-,-,-,0.82,-
19-Sep-09,-,-,-,0.83,-
18-Sep-09,-,-,-,0.84,-
17-Sep-09,-,-,-,0.84,-
16-Sep-09,-,-,-,0.85,-
15-Sep-09,-,-,-,0.85,-
14-Sep-09,-,-,-,0.86,-
13-Sep-09,-,-,-,0.81,-
12-Sep-09,-,-,-,0.81,-
11-Sep-09,-,-,-,0.79,-
10-Sep-09,-,-,-,0.79,-
9-Sep-09,-,-,-,0.79,-
8-Sep-09,-,-,-,0.79,-
7-Sep-09,-,-,-,0.79,-
6-Sep-09,-,-,-,0.86,-
5-Sep-09,-,-,-,0.87,-
4-Sep-09,-,-,-,0.88,-
3-Sep-09,-,-,-,0.89,-
2-Sep-09,-,-,-,0.89,-
1-Sep-09,-,-,-,0.89,-
31-Aug-09,-,-,-,0.91,-
30-Aug-09,-,-,-,0.90,-
29-Aug-09,-,-,-,0.89,-
28-Aug-09,-,-,-,0.90,-
27-Aug-09,-,-,-,0.89,-
26-Aug-09,-,-,-,0.89,-
25-Aug-09,-,-,-,0.89,-
24-Aug-09,-,-,-,0.89,-
23-Aug-09,-,-,-,0.89,-
22-Aug-09,-,-,-,0.89,-
21-Aug-09,-,-,-,0.90,-
20-Aug-09,-,-,-,0.92,-
19-Aug-09,-,-,-,0.93,-
18-Aug-09,-,-,-,0.93,-
17-Aug-09,-,-,-,0.94,-
16-Aug-09,-,-,-,0.94,-
15-Aug-09,-,-,-,0.93,-
14-Aug-09,-,-,-,0.94,-
13-Aug-09,-,-,-,0.92,-
12-Aug-09,-,-,-,0.93,-
11-Aug-09,-,-,-,0.92,-
10-Aug-09,-,-,-,0.94,-
9-Aug-09,-,-,-,0.94,-
8-Aug-09,-,-,-,0.95,-
7-Aug-09,-,-,-,0.95,-
6-Aug-09,-,-,-,0.97,-
5-Aug-09,-,-,-,0.95,-
4-Aug-09,-,-,-,0.95,-
3-Aug-09,-,-,-,0.94,-
2-Aug-09,-,-,-,0.93,-
1-Aug-09,-,-,-,0.92,-
31-Jul-09,-,-,-,0.92,-
30-Jul-09,-,-,-,0.89,-
29-Jul-09,-,-,-,0.89,-
28-Jul-09,-,-,-,0.90,-
27-Jul-09,-,-,-,0.91,-
26-Jul-09,-,-,-,0.92,-
25-Jul-09,-,-,-,0.92,-
24-Jul-09,-,-,-,0.92,-
23-Jul-09,-,-,-,0.94,-
22-Jul-09,-,-,-,0.95,-
21-Jul-09,-,-,-,0.97,-
20-Jul-09,-,-,-,0.98,-
19-Jul-09,-,-,-,0.98,-
18-Jul-09,-,-,-,0.98,-
17-Jul-09,-,-,-,0.98,-
16-Jul-09,-,-,-,0.99,-
15-Jul-09,-,-,-,0.99,-
14-Jul-09,-,-,-,0.97,-
13-Jul-09,-,-,-,0.96,-
12-Jul-09,-,-,-,0.96,-
11-Jul-09,-,-,-,0.95,-
10-Jul-09,-,-,-,0.94,-
9-Jul-09,-,-,-,0.91,-
8-Jul-09,-,-,-,0.90,-
7-Jul-09,-,-,-,0.91,-
6-Jul-09,-,-,-,0.92,-
5-Jul-09,-,-,-,0.92,-
4-Jul-09,-,-,-,0.92,-
3-Jul-09,-,-,-,0.93,-
2-Jul-09,-,-,-,0.94,-
1-Jul-09,-,-,-,0.93,-
30-Jun-09,-,-,-,0.93,-
29-Jun-09,-,-,-,0.93,-
28-Jun-09,-,-,-,0.93,-
27-Jun-09,-,-,-,0.92,-
26-Jun-09,-,-,-,0.92,-
25-Jun-09,-,-,-,0.94,-
24-Jun-09,-,-,-,0.95,-
23-Jun-09,-,-,-,0.95,-
22-Jun-09,-,-,-,0.97,-
21-Jun-09,-,-,-,0.99,-
20-Jun-09,-,-,-,1.00,-
19-Jun-09,-,-,-,1.01,-
18-Jun-09,-,-,-,1.02,-
17-Jun-09,-,-,-,1.03,-
16-Jun-09,-,-,-,1.04,-
15-Jun-09,-,-,-,1.03,-
14-Jun-09,-,-,-,1.03,-
13-Jun-09,-,-,-,1.03,-
12-Jun-09,-,-,-,1.03,-
11-Jun-09,-,-,-,1.02,-
10-Jun-09,-,-,-,1.01,-
9-Jun-09,-,-,-,1.02,-
8-Jun-09,-,-,-,1.02,-
7-Jun-09,-,-,-,1.03,-
6-Jun-09,-,-,-,1.03,-
5-Jun-09,-,-,-,1.04,-
4-Jun-09,-,-,-,1.05,-
3-Jun-09,-,-,-,1.08,-
2-Jun-09,-,-,-,1.08,-
1-Jun-09,-,-,-,1.06,-
31-May-09,-,-,-,0.98,-
30-May-09,-,-,-,0.97,-
29-May-09,-,-,-,0.96,-
28-May-09,-,-,-,0.93,-
27-May-09,-,-,-,0.89,-
26-May-09,-,-,-,0.87,-
25-May-09,-,-,-,0.87,-
24-May-09,-,-,-,0.95,-
23-May-09,-,-,-,0.95,-
22-May-09,-,-,-,0.97,-
21-May-09,-,-,-,1.01,-
20-May-09,-,-,-,1.03,-
19-May-09,-,-,-,1.05,-
18-May-09,-,-,-,1.06,-
17-May-09,-,-,-,1.05,-
16-May-09,-,-,-,1.04,-
15-May-09,-,-,-,1.03,-
14-May-09,-,-,-,1.02,-
13-May-09,-,-,-,1.00,-
12-May-09,-,-,-,1.00,-
11-May-09,-,-,-,1.00,-
10-May-09,-,-,-,1.01,-
9-May-09,-,-,-,1.02,-
8-May-09,-,-,-,1.02,-
7-May-09,-,-,-,1.03,-
6-May-09,-,-,-,1.05,-
5-May-09,-,-,-,1.06,-
4-May-09,-,-,-,1.05,-
3-May-09,-,-,-,1.04,-
2-May-09,-,-,-,1.05,-
1-May-09,-,-,-,1.05,-
30-Apr-09,-,-,-,1.05,-
29-Apr-09,-,-,-,1.06,-
28-Apr-09,-,-,-,1.07,-
27-Apr-09,-,-,-,1.07,-
26-Apr-09,-,-,-,1.09,-
25-Apr-09,-,-,-,1.10,-
24-Apr-09,-,-,-,1.11,-
23-Apr-09,-,-,-,1.13,-
22-Apr-09,-,-,-,1.15,-
21-Apr-09,-,-,-,1.17,-
20-Apr-09,-,-,-,1.20,-
19-Apr-09,-,-,-,1.23,-
18-Apr-09,-,-,-,1.24,-
17-Apr-09,-,-,-,1.25,-
16-Apr-09,-,-,-,1.27,-
15-Apr-09,-,-,-,1.28,-
14-Apr-09,-,-,-,1.27,-
13-Apr-09,-,-,-,1.26,-
12-Apr-09,-,-,-,1.26,-
11-Apr-09,-,-,-,1.27,-
10-Apr-09,-,-,-,1.27,-
9-Apr-09,-,-,-,1.27,-
8-Apr-09,-,-,-,1.27,-
7-Apr-09,-,-,-,1.28,-
6-Apr-09,-,-,-,1.30,-
5-Apr-09,-,-,-,1.31,-
4-Apr-09,-,-,-,1.32,-
3-Apr-09,-,-,-,1.33,-
2-Apr-09,-,-,-,1.34,-
1-Apr-09,-,-,-,1.35,-
31-Mar-09,-,-,-,1.37,-
30-Mar-09,-,-,-,1.37,-
29-Mar-09,-,-,-,1.39,-
28-Mar-09,-,-,-,1.40,-
27-Mar-09,-,-,-,1.42,-
26-Mar-09,-,-,-,1.47,-
25-Mar-09,-,-,-,1.50,-
24-Mar-09,-,-,-,1.47,-
23-Mar-09,-,-,-,1.44,-
22-Mar-09,-,-,-,1.40,-
21-Mar-09,-,-,-,1.39,-
20-Mar-09,-,-,-,1.36,-
19-Mar-09,-,-,-,1.30,-
18-Mar-09,-,-,-,1.24,-
17-Mar-09,-,-,-,1.23,-
16-Mar-09,-,-,-,1.25,-
15-Mar-09,-,-,-,1.25,-
14-Mar-09,-,-,-,1.25,-
13-Mar-09,-,-,-,1.24,-
12-Mar-09,-,-,-,1.25,-
11-Mar-09,-,-,-,1.28,-
10-Mar-09,-,-,-,1.31,-
9-Mar-09,-,-,-,1.30,-
8-Mar-09,-,-,-,1.28,-
7-Mar-09,-,-,-,1.27,-
6-Mar-09,-,-,-,1.27,-
5-Mar-09,-,-,-,1.26,-
4-Mar-09,-,-,-,1.22,-
3-Mar-09,-,-,-,1.20,-
2-Mar-09,-,-,-,1.22,-
1-Mar-09,-,-,-,1.22,-
28-Feb-09,-,-,-,1.23,-
27-Feb-09,-,-,-,1.24,-
26-Feb-09,-,-,-,1.25,-
25-Feb-09,-,-,-,1.29,-
24-Feb-09,-,-,-,1.31,-
23-Feb-09,-,-,-,1.30,-
22-Feb-09,-,-,-,1.29,-
21-Feb-09,-,-,-,1.29,-
20-Feb-09,-,-,-,1.27,-
19-Feb-09,-,-,-,1.27,-
18-Feb-09,-,-,-,1.23,-
17-Feb-09,-,-,-,1.20,-
16-Feb-09,-,-,-,1.20,-
15-Feb-09,-,-,-,1.21,-
14-Feb-09,-,-,-,1.21,-
13-Feb-09,-,-,-,1.21,-
12-Feb-09,-,-,-,1.20,-
11-Feb-09,-,-,-,1.21,-
10-Feb-09,-,-,-,1.21,-
9-Feb-09,-,-,-,1.22,-
8-Feb-09,-,-,-,1.22,-
7-Feb-09,-,-,-,1.22,-
6-Feb-09,-,-,-,1.24,-
5-Feb-09,-,-,-,1.25,-
4-Feb-09,-,-,-,1.25,-
3-Feb-09,-,-,-,1.25,-
2-Feb-09,-,-,-,1.24,-
1-Feb-09,-,-,-,1.24,-
31-Jan-09,-,-,-,1.25,-
30-Jan-09,-,-,-,1.23,-
29-Jan-09,-,-,-,1.23,-
28-Jan-09,-,-,-,1.23,-
27-Jan-09,-,-,-,1.24,-
26-Jan-09,-,-,-,1.24,-
25-Jan-09,-,-,-,1.22,-
24-Jan-09,-,-,-,1.23,-
23-Jan-09,-,-,-,1.24,-
22-Jan-09,-,-,-,1.27,-
21-Jan-09,-,-,-,1.31,-
20-Jan-09,-,-,-,1.34,-
19-Jan-09,-,-,-,1.38,-
18-Jan-09,-,-,-,1.44,-
17-Jan-09,-,-,-,1.43,-
16-Jan-09,-,-,-,1.44,-
15-Jan-09,-,-,-,1.47,-
14-Jan-09,-,-,-,1.47,-
13-Jan-09,-,-,-,1.47,-
12-Jan-09,-,-,-,1.48,-
11-Jan-09,-,-,-,1.47,-
10-Jan-09,-,-,-,1.47,-
9-Jan-09,-,-,-,1.46,-
8-Jan-09,-,-,-,1.41,-
7-Jan-09,-,-,-,1.32,-
6-Jan-09,-,-,-,1.30,-
5-Jan-09,-,-,-,1.29,-
4-Jan-09,-,-,-,1.28,-
3-Jan-09,-,-,-,1.27,-
2-Jan-09,-,-,-,1.25,-
1-Jan-09,-,-,-,1.21,-
31-Dec-08,-,-,-,1.16,-
30-Dec-08,-,-,-,1.11,-
29-Dec-08,-,-,-,1.10,-
28-Dec-08,-,-,-,1.10,-
27-Dec-08,-,-,-,1.10,-
26-Dec-08,-,-,-,1.12,-
25-Dec-08,-,-,-,1.20,-
24-Dec-08,-,-,-,1.41,-
23-Dec-08,-,-,-,1.52,-
22-Dec-08,-,-,-,1.56,-
21-Dec-08,-,-,-,1.53,-
20-Dec-08,-,-,-,1.51,-
19-Dec-08,-,-,-,1.45,-
18-Dec-08,-,-,-,1.37,-
17-Dec-08,-,-,-,1.23,-
16-Dec-08,-,-,-,1.12,-
15-Dec-08,-,-,-,1.04,-
14-Dec-08,-,-,-,1.01,-
13-Dec-08,-,-,-,1.02,-
12-Dec-08,-,-,-,1.04,-
11-Dec-08,-,-,-,1.08,-
10-Dec-08,-,-,-,1.11,-
9-Dec-08,-,-,-,1.11,-
8-Dec-08,-,-,-,1.12,-
7-Dec-08,-,-,-,1.13,-
6-Dec-08,-,-,-,1.12,-
5-Dec-08,-,-,-,1.09,-
4-Dec-08,-,-,-,1.03,-
3-Dec-08,-,-,-,0.92,-
2-Dec-08,-,-,-,0.93,-
1-Dec-08,-,-,-,0.91,-
30-Nov-08,-,-,-,0.87,-
29-Nov-08,-,-,-,0.86,-
28-Nov-08,-,-,-,0.87,-
27-Nov-08,-,-,-,0.87,-
26-Nov-08,-,-,-,0.91,-
25-Nov-08,-,-,-,0.87,-
24-Nov-08,-,-,-,0.86,-
23-Nov-08,-,-,-,0.87,-
22-Nov-08,-,-,-,0.88,-
21-Nov-08,-,-,-,0.88,-
20-Nov-08,-,-,-,0.89,-
19-Nov-08,-,-,-,0.91,-
18-Nov-08,-,-,-,0.93,-
17-Nov-08,-,-,-,0.95,-
16-Nov-08,-,-,-,0.95,-
15-Nov-08,-,-,-,0.95,-
14-Nov-08,-,-,-,0.94,-
13-Nov-08,-,-,-,0.92,-
12-Nov-08,-,-,-,0.91,-
11-Nov-08,-,-,-,0.88,-
10-Nov-08,-,-,-,0.85,-
9-Nov-08,-,-,-,0.84,-
8-Nov-08,-,-,-,0.84,-
7-Nov-08,-,-,-,0.85,-
6-Nov-08,-,-,-,0.86,-
5-Nov-08,-,-,-,0.87,-
4-Nov-08,-,-,-,0.90,-
3-Nov-08,-,-,-,0.93,-
2-Nov-08,-,-,-,0.94,-
1-Nov-08,-,-,-,0.94,-
31-Oct-08,-,-,-,0.93,-
30-Oct-08,-,-,-,0.92,-
29-Oct-08,-,-,-,0.92,-
28-Oct-08,-,-,-,0.91,-
27-Oct-08,-,-,-,0.90,-
26-Oct-08,-,-,-,0.90,-
25-Oct-08,-,-,-,0.90,-
24-Oct-08,-,-,-,0.90,-
23-Oct-08,-,-,-,0.91,-
22-Oct-08,-,-,-,0.92,-
21-Oct-08,-,-,-,0.95,-
20-Oct-08,-,-,-,0.96,-
19-Oct-08,-,-,-,0.97,-
18-Oct-08,-,-,-,0.99,-
17-Oct-08,-,-,-,1.00,-
16-Oct-08,-,-,-,1.01,-
15-Oct-08,-,-,-,1.03,-
14-Oct-08,-,-,-,1.07,-
13-Oct-08,-,-,-,1.07,-
12-Oct-08,-,-,-,1.08,-
11-Oct-08,-,-,-,1.08,-
10-Oct-08,-,-,-,1.09,-
9-Oct-08,-,-,-,1.10,-
8-Oct-08,-,-,-,1.08,-
7-Oct-08,-,-,-,1.04,-
6-Oct-08,-,-,-,1.06,-
5-Oct-08,-,-,-,1.07,-
4-Oct-08,-,-,-,1.06,-
3-Oct-08,-,-,-,1.05,-
2-Oct-08,-,-,-,1.05,-
1-Oct-08,-,-,-,1.07,-
30-Sep-08,-,-,-,1.05,-
29-Sep-08,-,-,-,1.02,-
28-Sep-08,-,-,-,1.01,-
27-Sep-08,-,-,-,1.01,-
26-Sep-08,-,-,-,1.02,-
25-Sep-08,-,-,-,1.02,-
24-Sep-08,-,-,-,1.03,-
23-Sep-08,-,-,-,1.05,-
22-Sep-08,-,-,-,1.08,-
21-Sep-08,-,-,-,1.11,-
20-Sep-08,-,-,-,1.10,-
19-Sep-08,-,-,-,1.09,-
18-Sep-08,-,-,-,1.08,-
17-Sep-08,-,-,-,1.07,-
16-Sep-08,-,-,-,1.05,-
15-Sep-08,-,-,-,1.04,-
14-Sep-08,-,-,-,1.05,-
13-Sep-08,-,-,-,1.07,-
12-Sep-08,-,-,-,1.08,-
11-Sep-08,-,-,-,1.06,-
10-Sep-08,-,-,-,1.04,-
9-Sep-08,-,-,-,1.02,-
8-Sep-08,-,-,-,0.98,-
7-Sep-08,-,-,-,0.88,-
6-Sep-08,-,-,-,0.85,-
5-Sep-08,-,-,-,0.83,-
4-Sep-08,-,-,-,0.83,-
3-Sep-08,-,-,-,0.83,-
2-Sep-08,-,-,-,0.83,-
1-Sep-08,-,-,-,0.83,-
31-Aug-08,-,-,-,0.88,-
30-Aug-08,-,-,-,0.89,-
29-Aug-08,-,-,-,0.89,-
28-Aug-08,-,-,-,0.89,-
27-Aug-08,-,-,-,0.89,-
26-Aug-08,-,-,-,0.89,-
25-Aug-08,-,-,-,0.89,-
24-Aug-08,-,-,-,0.89,-
23-Aug-08,-,-,-,0.88,-
22-Aug-08,-,-,-,0.89,-
21-Aug-08,-,-,-,0.90,-
20-Aug-08,-,-,-,0.91,-
19-Aug-08,-,-,-,0.92,-
18-Aug-08,-,-,-,0.93,-
17-Aug-08,-,-,-,0.93,-
16-Aug-08,-,-,-,0.94,-
15-Aug-08,-,-,-,0.94,-
14-Aug-08,-,-,-,0.94,-
13-Aug-08,-,-,-,0.94,-
12-Aug-08,-,-,-,0.94,-
11-Aug-08,-,-,-,0.94,-
10-Aug-08,-,-,-,0.95,-
9-Aug-08,-,-,-,0.96,-
8-Aug-08,-,-,-,0.97,-
7-Aug-08,-,-,-,0.98,-
6-Aug-08,-,-,-,0.99,-
5-Aug-08,-,-,-,1.01,-
4-Aug-08,-,-,-,1.01,-
3-Aug-08,-,-,-,1.02,-
2-Aug-08,-,-,-,1.02,-
1-Aug-08,-,-,-,1.02,-
31-Jul-08,-,-,-,1.01,-
30-Jul-08,-,-,-,1.00,-
29-Jul-08,-,-,-,0.99,-
28-Jul-08,-,-,-,0.99,-
27-Jul-08,-,-,-,0.98,-
26-Jul-08,-,-,-,0.97,-
25-Jul-08,-,-,-,0.97,-
24-Jul-08,-,-,-,0.96,-
23-Jul-08,-,-,-,0.97,-
22-Jul-08,-,-,-,0.99,-
21-Jul-08,-,-,-,1.03,-
20-Jul-08,-,-,-,1.06,-
19-Jul-08,-,-,-,1.08,-
18-Jul-08,-,-,-,1.10,-
17-Jul-08,-,-,-,1.14,-
16-Jul-08,-,-,-,1.14,-
15-Jul-08,-,-,-,1.12,-
14-Jul-08,-,-,-,1.09,-
13-Jul-08,-,-,-,1.06,-
12-Jul-08,-,-,-,1.03,-
11-Jul-08,-,-,-,1.00,-
10-Jul-08,-,-,-,0.92,-
9-Jul-08,-,-,-,0.91,-
8-Jul-08,-,-,-,0.90,-
7-Jul-08,-,-,-,0.91,-
6-Jul-08,-,-,-,0.91,-
5-Jul-08,-,-,-,0.92,-
4-Jul-08,-,-,-,0.93,-
3-Jul-08,-,-,-,0.99,-
2-Jul-08,-,-,-,1.00,-
1-Jul-08,-,-,-,1.00,-
30-Jun-08,-,-,-,0.98,-
29-Jun-08,-,-,-,0.98,-
28-Jun-08,-,-,-,0.98,-
27-Jun-08,-,-,-,0.97,-
26-Jun-08,-,-,-,0.96,-
25-Jun-08,-,-,-,0.96,-
24-Jun-08,-,-,-,0.95,-
23-Jun-08,-,-,-,0.96,-
22-Jun-08,-,-,-,0.96,-
21-Jun-08,-,-,-,0.97,-
20-Jun-08,-,-,-,0.99,-
19-Jun-08,-,-,-,1.00,-
18-Jun-08,-,-,-,1.00,-
17-Jun-08,-,-,-,1.00,-
16-Jun-08,-,-,-,0.99,-
15-Jun-08,-,-,-,0.98,-
14-Jun-08,-,-,-,0.97,-
13-Jun-08,-,-,-,0.96,-
12-Jun-08,-,-,-,0.96,-
11-Jun-08,-,-,-,0.96,-
10-Jun-08,-,-,-,0.96,-
9-Jun-08,-,-,-,0.96,-
8-Jun-08,-,-,-,0.97,-
7-Jun-08,-,-,-,0.98,-
6-Jun-08,-,-,-,0.98,-
5-Jun-08,-,-,-,0.99,-
4-Jun-08,-,-,-,0.98,-
3-Jun-08,-,-,-,0.98,-
2-Jun-08,-,-,-,0.97,-
1-Jun-08,-,-,-,0.91,-
31-May-08,-,-,-,0.90,-
30-May-08,-,-,-,0.88,-
29-May-08,-,-,-,0.87,-
28-May-08,-,-,-,0.86,-
27-May-08,-,-,-,0.84,-
26-May-08,-,-,-,0.84,-
25-May-08,-,-,-,0.90,-
24-May-08,-,-,-,0.91,-
23-May-08,-,-,-,0.92,-
22-May-08,-,-,-,0.94,-
21-May-08,-,-,-,0.96,-
20-May-08,-,-,-,0.97,-
19-May-08,-,-,-,0.98,-
18-May-08,-,-,-,0.98,-
17-May-08,-,-,-,0.98,-
16-May-08,-,-,-,0.99,-
15-May-08,-,-,-,0.97,-
14-May-08,-,-,-,0.96,-
13-May-08,-,-,-,0.97,-
12-May-08,-,-,-,0.97,-
11-May-08,-,-,-,0.97,-
10-May-08,-,-,-,0.99,-
9-May-08,-,-,-,0.99,-
8-May-08,-,-,-,1.00,-
7-May-08,-,-,-,1.03,-
6-May-08,-,-,-,1.06,-
5-May-08,-,-,-,1.05,-
4-May-08,-,-,-,1.05,-
3-May-08,-,-,-,1.04,-
2-May-08,-,-,-,1.04,-
1-May-08,-,-,-,1.03,-
30-Apr-08,-,-,-,0.99,-
29-Apr-08,-,-,-,0.96,-
28-Apr-08,-,-,-,0.96,-
27-Apr-08,-,-,-,0.97,-
26-Apr-08,-,-,-,0.97,-
25-Apr-08,-,-,-,0.97,-
24-Apr-08,-,-,-,0.97,-
23-Apr-08,-,-,-,0.98,-
22-Apr-08,-,-,-,1.00,-
21-Apr-08,-,-,-,1.02,-
20-Apr-08,-,-,-,1.05,-
19-Apr-08,-,-,-,1.06,-
18-Apr-08,-,-,-,1.07,-
17-Apr-08,-,-,-,1.07,-
16-Apr-08,-,-,-,1.09,-
15-Apr-08,-,-,-,1.08,-
14-Apr-08,-,-,-,1.06,-
13-Apr-08,-,-,-,1.06,-
12-Apr-08,-,-,-,1.06,-
11-Apr-08,-,-,-,1.06,-
10-Apr-08,-,-,-,1.06,-
9-Apr-08,-,-,-,1.06,-
8-Apr-08,-,-,-,1.07,-
7-Apr-08,-,-,-,1.09,-
6-Apr-08,-,-,-,1.09,-
5-Apr-08,-,-,-,1.11,-
4-Apr-08,-,-,-,1.12,-
3-Apr-08,-,-,-,1.11,-
2-Apr-08,-,-,-,1.13,-
1-Apr-08,-,-,-,1.14,-
31-Mar-08,-,-,-,1.14,-
30-Mar-08,-,-,-,1.15,-
29-Mar-08,-,-,-,1.14,-
28-Mar-08,-,-,-,1.15,-
27-Mar-08,-,-,-,1.17,-
26-Mar-08,-,-,-,1.19,-
25-Mar-08,-,-,-,1.24,-
24-Mar-08,-,-,-,1.33,-
23-Mar-08,-,-,-,1.33,-
22-Mar-08,-,-,-,1.33,-
21-Mar-08,-,-,-,1.32,-
20-Mar-08,-,-,-,1.33,-
19-Mar-08,-,-,-,1.30,-
18-Mar-08,-,-,-,1.24,-
17-Mar-08,-,-,-,1.15,-
16-Mar-08,-,-,-,1.12,-
15-Mar-08,-,-,-,1.12,-
14-Mar-08,-,-,-,1.13,-
13-Mar-08,-,-,-,1.12,-
12-Mar-08,-,-,-,1.13,-
11-Mar-08,-,-,-,1.13,-
10-Mar-08,-,-,-,1.13,-
9-Mar-08,-,-,-,1.13,-
8-Mar-08,-,-,-,1.13,-
7-Mar-08,-,-,-,1.14,-
6-Mar-08,-,-,-,1.13,-
5-Mar-08,-,-,-,1.12,-
4-Mar-08,-,-,-,1.13,-
3-Mar-08,-,-,-,1.13,-
2-Mar-08,-,-,-,1.13,-
1-Mar-08,-,-,-,1.12,-
29-Feb-08,-,-,-,1.11,-
28-Feb-08,-,-,-,1.10,-
27-Feb-08,-,-,-,1.10,-
26-Feb-08,-,-,-,1.10,-
25-Feb-08,-,-,-,1.10,-
24-Feb-08,-,-,-,1.08,-
23-Feb-08,-,-,-,1.09,-
22-Feb-08,-,-,-,1.10,-
21-Feb-08,-,-,-,1.13,-
20-Feb-08,-,-,-,1.15,-
19-Feb-08,-,-,-,1.14,-
18-Feb-08,-,-,-,1.15,-
17-Feb-08,-,-,-,1.19,-
16-Feb-08,-,-,-,1.19,-
15-Feb-08,-,-,-,1.19,-
14-Feb-08,-,-,-,1.19,-
13-Feb-08,-,-,-,1.20,-
12-Feb-08,-,-,-,1.22,-
11-Feb-08,-,-,-,1.23,-
10-Feb-08,-,-,-,1.22,-
9-Feb-08,-,-,-,1.22,-
8-Feb-08,-,-,-,1.26,-
7-Feb-08,-,-,-,1.29,-
6-Feb-08,-,-,-,1.38,-
5-Feb-08,-,-,-,1.47,-
4-Feb-08,-,-,-,1.50,-
3-Feb-08,-,-,-,1.55,-
2-Feb-08,-,-,-,1.58,-
1-Feb-08,-,-,-,1.59,-
31-Jan-08,-,-,-,1.60,-
30-Jan-08,-,-,-,1.59,-
29-Jan-08,-,-,-,1.59,-
28-Jan-08,-,-,-,1.64,-
27-Jan-08,-,-,-,1.54,-
26-Jan-08,-,-,-,1.50,-
25-Jan-08,-,-,-,1.45,-
24-Jan-08,-,-,-,1.38,-
23-Jan-08,-,-,-,1.28,-
22-Jan-08,-,-,-,1.18,-
21-Jan-08,-,-,-,1.08,-
20-Jan-08,-,-,-,1.11,-
19-Jan-08,-,-,-,1.11,-
18-Jan-08,-,-,-,1.11,-
17-Jan-08,-,-,-,1.12,-
16-Jan-08,-,-,-,1.12,-
15-Jan-08,-,-,-,1.11,-
14-Jan-08,-,-,-,1.09,-
13-Jan-08,-,-,-,1.06,-
12-Jan-08,-,-,-,1.06,-
11-Jan-08,-,-,-,1.05,-
10-Jan-08,-,-,-,1.03,-
9-Jan-08,-,-,-,1.01,-
8-Jan-08,-,-,-,1.00,-
7-Jan-08,-,-,-,0.93,-
6-Jan-08,-,-,-,0.92,-
5-Jan-08,-,-,-,0.90,-
4-Jan-08,-,-,-,0.90,-
3-Jan-08,-,-,-,0.89,-
2-Jan-08,-,-,-,0.88,-
1-Jan-08,-,-,-,0.85,-
31-Dec-07,-,-,-,0.81,-
30-Dec-07,-,-,-,0.76,-
29-Dec-07,-,-,-,0.75,-
28-Dec-07,-,-,-,0.72,-
27-Dec-07,-,-,-,0.69,-
26-Dec-07,-,-,-,0.67,-
25-Dec-07,-,-,-,0.66,-
24-Dec-07,-,-,-,0.73,-
23-Dec-07,-,-,-,0.77,-
22-Dec-07,-,-,-,0.77,-
21-Dec-07,-,-,-,0.79,-
20-Dec-07,-,-,-,0.82,-
19-Dec-07,-,-,-,0.83,-
18-Dec-07,-,-,-,0.85,-
17-Dec-07,-,-,-,0.88,-
16-Dec-07,-,-,-,0.88,-
15-Dec-07,-,-,-,0.88,-
14-Dec-07,-,-,-,0.87,-
13-Dec-07,-,-,-,0.87,-
12-Dec-07,-,-,-,0.88,-
11-Dec-07,-,-,-,0.87,-
10-Dec-07,-,-,-,0.87,-
9-Dec-07,-,-,-,0.87,-
8-Dec-07,-,-,-,0.88,-
7-Dec-07,-,-,-,0.89,-
6-Dec-07,-,-,-,0.90,-
5-Dec-07,-,-,-,0.89,-
4-Dec-07,-,-,-,0.90,-
3-Dec-07,-,-,-,0.89,-
2-Dec-07,-,-,-,0.89,-
1-Dec-07,-,-,-,0.89,-
30-Nov-07,-,-,-,0.87,-
29-Nov-07,-,-,-,0.83,-
28-Nov-07,-,-,-,0.76,-
27-Nov-07,-,-,-,0.74,-
26-Nov-07,-,-,-,0.73,-
25-Nov-07,-,-,-,0.72,-
24-Nov-07,-,-,-,0.71,-
23-Nov-07,-,-,-,0.72,-
22-Nov-07,-,-,-,0.75,-
21-Nov-07,-,-,-,0.83,-
20-Nov-07,-,-,-,0.86,-
19-Nov-07,-,-,-,0.87,-
18-Nov-07,-,-,-,0.88,-
17-Nov-07,-,-,-,0.89,-
16-Nov-07,-,-,-,0.89,-
15-Nov-07,-,-,-,0.90,-
14-Nov-07,-,-,-,0.88,-
13-Nov-07,-,-,-,0.88,-
12-Nov-07,-,-,-,0.88,-
11-Nov-07,-,-,-,0.90,-
10-Nov-07,-,-,-,0.90,-
9-Nov-07,-,-,-,0.91,-
8-Nov-07,-,-,-,0.92,-
7-Nov-07,-,-,-,0.95,-
6-Nov-07,-,-,-,0.96,-
5-Nov-07,-,-,-,0.96,-
4-Nov-07,-,-,-,0.95,-
3-Nov-07,-,-,-,0.95,-
2-Nov-07,-,-,-,0.93,-
1-Nov-07,-,-,-,0.91,-
31-Oct-07,-,-,-,0.88,-
30-Oct-07,-,-,-,0.87,-
29-Oct-07,-,-,-,0.88,-
28-Oct-07,-,-,-,0.86,-
27-Oct-07,-,-,-,0.87,-
26-Oct-07,-,-,-,0.87,-
25-Oct-07,-,-,-,0.87,-
24-Oct-07,-,-,-,0.87,-
23-Oct-07,-,-,-,0.88,-
22-Oct-07,-,-,-,0.88,-
21-Oct-07,-,-,-,0.91,-
20-Oct-07,-,-,-,0.91,-
19-Oct-07,-,-,-,0.92,-
18-Oct-07,-,-,-,0.93,-
17-Oct-07,-,-,-,0.93,-
16-Oct-07,-,-,-,0.92,-
15-Oct-07,-,-,-,0.91,-
14-Oct-07,-,-,-,0.89,-
13-Oct-07,-,-,-,0.88,-
12-Oct-07,-,-,-,0.88,-
11-Oct-07,-,-,-,0.88,-
10-Oct-07,-,-,-,0.88,-
9-Oct-07,-,-,-,0.89,-
8-Oct-07,-,-,-,0.90,-
7-Oct-07,-,-,-,0.91,-
6-Oct-07,-,-,-,0.92,-
5-Oct-07,-,-,-,0.92,-
4-Oct-07,-,-,-,0.92,-
3-Oct-07,-,-,-,0.93,-
2-Oct-07,-,-,-,0.94,-
1-Oct-07,-,-,-,0.94,-
30-Sep-07,-,-,-,0.94,-
29-Sep-07,-,-,-,0.95,-
28-Sep-07,-,-,-,0.95,-
27-Sep-07,-,-,-,0.96,-
26-Sep-07,-,-,-,0.98,-
25-Sep-07,-,-,-,1.01,-
24-Sep-07,-,-,-,1.06,-
23-Sep-07,-,-,-,1.06,-
22-Sep-07,-,-,-,1.06,-
21-Sep-07,-,-,-,1.07,-
20-Sep-07,-,-,-,1.07,-
19-Sep-07,-,-,-,1.06,-
18-Sep-07,-,-,-,1.04,-
17-Sep-07,-,-,-,1.00,-
16-Sep-07,-,-,-,0.99,-
15-Sep-07,-,-,-,0.99,-
14-Sep-07,-,-,-,0.98,-
13-Sep-07,-,-,-,0.97,-
12-Sep-07,-,-,-,0.98,-
11-Sep-07,-,-,-,0.98,-
10-Sep-07,-,-,-,0.98,-
9-Sep-07,-,-,-,0.93,-
8-Sep-07,-,-,-,0.93,-
7-Sep-07,-,-,-,0.94,-
6-Sep-07,-,-,-,0.96,-
5-Sep-07,-,-,-,0.95,-
4-Sep-07,-,-,-,0.95,-
3-Sep-07,-,-,-,0.95,-
2-Sep-07,-,-,-,1.02,-
1-Sep-07,-,-,-,1.02,-
31-Aug-07,-,-,-,1.04,-
30-Aug-07,-,-,-,1.03,-
29-Aug-07,-,-,-,1.05,-
28-Aug-07,-,-,-,1.07,-
27-Aug-07,-,-,-,1.10,-
26-Aug-07,-,-,-,1.12,-
25-Aug-07,-,-,-,1.14,-
24-Aug-07,-,-,-,1.13,-
23-Aug-07,-,-,-,1.17,-
22-Aug-07,-,-,-,1.21,-
21-Aug-07,-,-,-,1.22,-
20-Aug-07,-,-,-,1.21,-
19-Aug-07,-,-,-,1.20,-
18-Aug-07,-,-,-,1.21,-
17-Aug-07,-,-,-,1.22,-
16-Aug-07,-,-,-,1.19,-
15-Aug-07,-,-,-,1.16,-
14-Aug-07,-,-,-,1.15,-
13-Aug-07,-,-,-,1.16,-
12-Aug-07,-,-,-,1.16,-
11-Aug-07,-,-,-,1.15,-
10-Aug-07,-,-,-,1.14,-
9-Aug-07,-,-,-,1.15,-
8-Aug-07,-,-,-,1.16,-
7-Aug-07,-,-,-,1.17,-
6-Aug-07,-,-,-,1.18,-
5-Aug-07,-,-,-,1.17,-
4-Aug-07,-,-,-,1.16,-
3-Aug-07,-,-,-,1.16,-
2-Aug-07,-,-,-,1.14,-
1-Aug-07,-,-,-,1.12,-
31-Jul-07,-,-,-,1.10,-
30-Jul-07,-,-,-,1.07,-
29-Jul-07,-,-,-,1.06,-
28-Jul-07,-,-,-,1.07,-
27-Jul-07,-,-,-,1.07,-
26-Jul-07,-,-,-,1.06,-
25-Jul-07,-,-,-,1.06,-
24-Jul-07,-,-,-,1.07,-
23-Jul-07,-,-,-,1.07,-
22-Jul-07,-,-,-,1.08,-
21-Jul-07,-,-,-,1.08,-
20-Jul-07,-,-,-,1.10,-
19-Jul-07,-,-,-,1.11,-
18-Jul-07,-,-,-,1.13,-
17-Jul-07,-,-,-,1.14,-
16-Jul-07,-,-,-,1.14,-
15-Jul-07,-,-,-,1.13,-
14-Jul-07,-,-,-,1.12,-
13-Jul-07,-,-,-,1.11,-
12-Jul-07,-,-,-,1.10,-
11-Jul-07,-,-,-,1.10,-
10-Jul-07,-,-,-,1.04,-
9-Jul-07,-,-,-,1.04,-
8-Jul-07,-,-,-,1.03,-
7-Jul-07,-,-,-,1.04,-
6-Jul-07,-,-,-,1.04,-
5-Jul-07,-,-,-,1.04,-
4-Jul-07,-,-,-,1.02,-
3-Jul-07,-,-,-,1.06,-
2-Jul-07,-,-,-,1.04,-
1-Jul-07,-,-,-,1.03,-
30-Jun-07,-,-,-,1.02,-
29-Jun-07,-,-,-,1.01,-
28-Jun-07,-,-,-,1.00,-
27-Jun-07,-,-,-,1.00,-
26-Jun-07,-,-,-,1.01,-
25-Jun-07,-,-,-,1.04,-
24-Jun-07,-,-,-,1.04,-
23-Jun-07,-,-,-,1.02,-
22-Jun-07,-,-,-,1.04,-
21-Jun-07,-,-,-,1.08,-
20-Jun-07,-,-,-,1.10,-
19-Jun-07,-,-,-,1.10,-
18-Jun-07,-,-,-,1.11,-
17-Jun-07,-,-,-,1.11,-
16-Jun-07,-,-,-,1.12,-
15-Jun-07,-,-,-,1.10,-
14-Jun-07,-,-,-,1.06,-
13-Jun-07,-,-,-,1.05,-
12-Jun-07,-,-,-,1.04,-
11-Jun-07,-,-,-,1.02,-
10-Jun-07,-,-,-,1.03,-
9-Jun-07,-,-,-,1.03,-
8-Jun-07,-,-,-,1.03,-
7-Jun-07,-,-,-,1.05,-
6-Jun-07,-,-,-,1.04,-
5-Jun-07,-,-,-,1.04,-
4-Jun-07,-,-,-,1.04,-
3-Jun-07,-,-,-,0.97,-
2-Jun-07,-,-,-,0.97,-
1-Jun-07,-,-,-,0.95,-
31-May-07,-,-,-,0.92,-
30-May-07,-,-,-,0.90,-
29-May-07,-,-,-,0.89,-
28-May-07,-,-,-,0.88,-
27-May-07,-,-,-,0.93,-
26-May-07,-,-,-,0.94,-
25-May-07,-,-,-,0.94,-
24-May-07,-,-,-,0.96,-
23-May-07,-,-,-,0.97,-
22-May-07,-,-,-,0.98,-
21-May-07,-,-,-,1.01,-
20-May-07,-,-,-,1.02,-
19-May-07,-,-,-,1.02,-
18-May-07,-,-,-,1.02,-
17-May-07,-,-,-,1.02,-
16-May-07,-,-,-,1.02,-
15-May-07,-,-,-,1.01,-
14-May-07,-,-,-,0.99,-
13-May-07,-,-,-,1.00,-
12-May-07,-,-,-,1.01,-
11-May-07,-,-,-,1.02,-
10-May-07,-,-,-,1.00,-
9-May-07,-,-,-,1.02,-
8-May-07,-,-,-,1.02,-
7-May-07,-,-,-,1.03,-
6-May-07,-,-,-,1.03,-
5-May-07,-,-,-,1.03,-
4-May-07,-,-,-,1.03,-
3-May-07,-,-,-,1.05,-
2-May-07,-,-,-,1.03,-
1-May-07,-,-,-,1.01,-
30-Apr-07,-,-,-,1.01,-
29-Apr-07,-,-,-,1.00,-
28-Apr-07,-,-,-,1.00,-
27-Apr-07,-,-,-,1.01,-
26-Apr-07,-,-,-,1.00,-
25-Apr-07,-,-,-,1.01,-
24-Apr-07,-,-,-,1.02,-
23-Apr-07,-,-,-,1.02,-
22-Apr-07,-,-,-,1.03,-
21-Apr-07,-,-,-,1.03,-
20-Apr-07,-,-,-,1.05,-
19-Apr-07,-,-,-,1.06,-
18-Apr-07,-,-,-,1.07,-
17-Apr-07,-,-,-,1.09,-
16-Apr-07,-,-,-,1.11,-
15-Apr-07,-,-,-,1.11,-
14-Apr-07,-,-,-,1.10,-
13-Apr-07,-,-,-,1.08,-
12-Apr-07,-,-,-,1.08,-
11-Apr-07,-,-,-,1.07,-
10-Apr-07,-,-,-,1.07,-
9-Apr-07,-,-,-,1.07,-
8-Apr-07,-,-,-,1.07,-
7-Apr-07,-,-,-,1.09,-
6-Apr-07,-,-,-,1.11,-
5-Apr-07,-,-,-,1.11,-
4-Apr-07,-,-,-,1.12,-
3-Apr-07,-,-,-,1.13,-
2-Apr-07,-,-,-,1.11,-
1-Apr-07,-,-,-,1.11,-
31-Mar-07,-,-,-,1.11,-
30-Mar-07,-,-,-,1.09,-
29-Mar-07,-,-,-,1.10,-
28-Mar-07,-,-,-,1.08,-
27-Mar-07,-,-,-,1.07,-
26-Mar-07,-,-,-,1.07,-
25-Mar-07,-,-,-,1.08,-
24-Mar-07,-,-,-,1.08,-
23-Mar-07,-,-,-,1.09,-
22-Mar-07,-,-,-,1.09,-
21-Mar-07,-,-,-,1.11,-
20-Mar-07,-,-,-,1.15,-
19-Mar-07,-,-,-,1.18,-
18-Mar-07,-,-,-,1.19,-
17-Mar-07,-,-,-,1.19,-
16-Mar-07,-,-,-,1.19,-
15-Mar-07,-,-,-,1.19,-
14-Mar-07,-,-,-,1.18,-
13-Mar-07,-,-,-,1.15,-
12-Mar-07,-,-,-,1.12,-
11-Mar-07,-,-,-,1.12,-
10-Mar-07,-,-,-,1.11,-
9-Mar-07,-,-,-,1.11,-
8-Mar-07,-,-,-,1.10,-
7-Mar-07,-,-,-,1.08,-
6-Mar-07,-,-,-,1.09,-
5-Mar-07,-,-,-,1.08,-
4-Mar-07,-,-,-,1.05,-
3-Mar-07,-,-,-,1.06,-
2-Mar-07,-,-,-,1.06,-
1-Mar-07,-,-,-,1.05,-
28-Feb-07,-,-,-,1.04,-
27-Feb-07,-,-,-,1.03,-
26-Feb-07,-,-,-,1.03,-
25-Feb-07,-,-,-,1.01,-
24-Feb-07,-,-,-,1.00,-
23-Feb-07,-,-,-,1.00,-
22-Feb-07,-,-,-,1.01,-
21-Feb-07,-,-,-,1.03,-
20-Feb-07,-,-,-,1.00,-
19-Feb-07,-,-,-,0.99,-
18-Feb-07,-,-,-,1.02,-
17-Feb-07,-,-,-,1.02,-
16-Feb-07,-,-,-,1.01,-
15-Feb-07,-,-,-,1.01,-
14-Feb-07,-,-,-,1.00,-
13-Feb-07,-,-,-,1.00,-
12-Feb-07,-,-,-,1.02,-
11-Feb-07,-,-,-,1.02,-
10-Feb-07,-,-,-,1.03,-
9-Feb-07,-,-,-,1.05,-
8-Feb-07,-,-,-,1.04,-
7-Feb-07,-,-,-,1.05,-
6-Feb-07,-,-,-,1.07,-
5-Feb-07,-,-,-,1.07,-
4-Feb-07,-,-,-,1.08,-
3-Feb-07,-,-,-,1.08,-
2-Feb-07,-,-,-,1.07,-
1-Feb-07,-,-,-,1.08,-
31-Jan-07,-,-,-,1.08,-
30-Jan-07,-,-,-,1.07,-
29-Jan-07,-,-,-,1.07,-
28-Jan-07,-,-,-,1.05,-
27-Jan-07,-,-,-,1.07,-
26-Jan-07,-,-,-,1.06,-
25-Jan-07,-,-,-,1.05,-
24-Jan-07,-,-,-,1.05,-
23-Jan-07,-,-,-,1.05,-
22-Jan-07,-,-,-,1.05,-
21-Jan-07,-,-,-,1.04,-
20-Jan-07,-,-,-,1.03,-
19-Jan-07,-,-,-,1.02,-
18-Jan-07,-,-,-,1.03,-
17-Jan-07,-,-,-,1.03,-
16-Jan-07,-,-,-,1.04,-
15-Jan-07,-,-,-,1.04,-
14-Jan-07,-,-,-,1.06,-
13-Jan-07,-,-,-,1.04,-
12-Jan-07,-,-,-,1.05,-
11-Jan-07,-,-,-,1.04,-
10-Jan-07,-,-,-,1.06,-
9-Jan-07,-,-,-,1.07,-
8-Jan-07,-,-,-,1.06,-
7-Jan-07,-,-,-,0.98,-
6-Jan-07,-,-,-,0.97,-
5-Jan-07,-,-,-,0.97,-
4-Jan-07,-,-,-,0.97,-
3-Jan-07,-,-,-,0.97,-
2-Jan-07,-,-,-,0.94,-
1-Jan-07,-,-,-,0.91,-
31-Dec-06,-,-,-,0.87,-
30-Dec-06,-,-,-,0.84,-
29-Dec-06,-,-,-,0.81,-
28-Dec-06,-,-,-,0.77,-
27-Dec-06,-,-,-,0.73,-
26-Dec-06,-,-,-,0.71,-
25-Dec-06,-,-,-,0.72,-
24-Dec-06,-,-,-,0.80,-
23-Dec-06,-,-,-,0.82,-
22-Dec-06,-,-,-,0.84,-
21-Dec-06,-,-,-,0.87,-
20-Dec-06,-,-,-,0.87,-
19-Dec-06,-,-,-,0.88,-
18-Dec-06,-,-,-,0.88,-
17-Dec-06,-,-,-,0.88,-
16-Dec-06,-,-,-,0.89,-
15-Dec-06,-,-,-,0.89,-
14-Dec-06,-,-,-,0.87,-
13-Dec-06,-,-,-,0.86,-
12-Dec-06,-,-,-,0.87,-
11-Dec-06,-,-,-,0.88,-
10-Dec-06,-,-,-,0.88,-
9-Dec-06,-,-,-,0.86,-
8-Dec-06,-,-,-,0.86,-
7-Dec-06,-,-,-,0.85,-
6-Dec-06,-,-,-,0.86,-
5-Dec-06,-,-,-,0.85,-
4-Dec-06,-,-,-,0.85,-
3-Dec-06,-,-,-,0.86,-
2-Dec-06,-,-,-,0.86,-
1-Dec-06,-,-,-,0.86,-
30-Nov-06,-,-,-,0.82,-
29-Nov-06,-,-,-,0.76,-
28-Nov-06,-,-,-,0.76,-
27-Nov-06,-,-,-,0.75,-
26-Nov-06,-,-,-,0.73,-
25-Nov-06,-,-,-,0.73,-
24-Nov-06,-,-,-,0.74,-
23-Nov-06,-,-,-,0.77,-
22-Nov-06,-,-,-,0.83,-
21-Nov-06,-,-,-,0.85,-
20-Nov-06,-,-,-,0.87,-
19-Nov-06,-,-,-,0.89,-
18-Nov-06,-,-,-,0.89,-
17-Nov-06,-,-,-,0.89,-
16-Nov-06,-,-,-,0.89,-
15-Nov-06,-,-,-,0.88,-
14-Nov-06,-,-,-,0.86,-
13-Nov-06,-,-,-,0.85,-
12-Nov-06,-,-,-,0.84,-
11-Nov-06,-,-,-,0.84,-
10-Nov-06,-,-,-,0.85,-
9-Nov-06,-,-,-,0.86,-
8-Nov-06,-,-,-,0.87,-
7-Nov-06,-,-,-,0.90,-
6-Nov-06,-,-,-,0.92,-
5-Nov-06,-,-,-,0.93,-
4-Nov-06,-,-,-,0.93,-
3-Nov-06,-,-,-,0.92,-
2-Nov-06,-,-,-,0.92,-
1-Nov-06,-,-,-,0.91,-
31-Oct-06,-,-,-,0.90,-
30-Oct-06,-,-,-,0.89,-
29-Oct-06,-,-,-,0.90,-
28-Oct-06,-,-,-,0.90,-
27-Oct-06,-,-,-,0.90,-
26-Oct-06,-,-,-,0.90,-
25-Oct-06,-,-,-,0.90,-
24-Oct-06,-,-,-,0.89,-
23-Oct-06,-,-,-,0.88,-
22-Oct-06,-,-,-,0.89,-
